0 1 1 1 1 1 1 1 1 1 1 1 1 1 1 1 1 1 1 1 1 1 1 1 1 1 1 1 1 1 1 1 1
     0.1 0.813862 0.982122 0.982703 0.996056 0.996058 0.997813 0.997813 0.998457 0.998457 0.998807 0.998807 0.999032 0.999032 0.999191 0.999191 0.999309 0.999309 0.999402 0.999477 0.999539 0.999591 0.999636 0.999675 0.999708 0.999738 0.999764 0.999786 0.999806 0.999823 0.999841 0.999853 0.999862
     0.2  0.76537 0.944792 0.947064  0.98397    0.984 0.991247 0.991248 0.993834 0.993834 0.995235 0.995235 0.996133 0.996133 0.996766 0.996766 0.997239 0.997239 0.997609 0.997908 0.998156 0.998364 0.998543 0.998698 0.998834 0.998953 0.999051 0.999146 0.999212 0.999282 0.999352 0.999423 0.999452
     0.3 0.688556 0.898516 0.903432 0.963451 0.963601 0.980286 0.980287 0.986153 0.986153 0.989301 0.989301 0.991316 0.991316 0.992735 0.992735 0.993797 0.993797 0.994628 0.995298 0.995854 0.996323 0.996725 0.997073 0.997378 0.997645 0.997874 0.998084 0.998256 0.998408 0.998569 0.998674 0.998766
     0.4 0.592607  0.84997 0.858236 0.934618 0.935082 0.964898 0.964903 0.975447 0.975447 0.981033 0.981033 0.984601 0.984601 0.987113 0.987113 0.988994 0.988994 0.990466 0.991655 0.992639 0.993471 0.994184 0.994802 0.995343 0.995818 0.996236 0.996604 0.996928 0.997222 0.997467 0.997675 0.997795
     0.5 0.491427 0.803933 0.815953 0.898182 0.899277 0.945046 0.945068 0.961763 0.961763 0.970472 0.970472 0.976019 0.976019 0.979924 0.979924 0.982848 0.982849 0.985137 0.986987  0.98852 0.989815 0.990926 0.991889 0.992732 0.993472 0.994112 0.994518 0.994807 0.995334 0.995963 0.996372 0.996565
     0.6 0.402813 0.763575 0.779458 0.855467 0.857642 0.920721 0.920786  0.94516 0.945161  0.95767  0.95767 0.965609 0.965609 0.971195 0.971195 0.975381 0.975381 0.978658 0.981308 0.983506 0.985363 0.986956 0.988339 0.989549 0.990611 0.991404 0.991924 0.992418 0.993249 0.994168 0.994674 0.995011
     0.7 0.343233 0.730627 0.750247 0.808315 0.812133 0.891985 0.892142 0.925708  0.92571 0.942691 0.942692 0.953418 0.953418 0.960961 0.960961 0.966617 0.966619 0.971048 0.974634 0.977609 0.978654 0.980125 0.982284 0.984158 0.985799 0.987243 0.988514 0.989652 0.990961 0.991971 0.992747 0.993315
     0.8 0.317909 0.705526 0.728612 0.758885 0.764981 0.859025 0.859361 0.903488 0.903496 0.925614 0.925614 0.939502 0.939502 0.949266 0.949266  0.95659  0.95659 0.962333 0.966426 0.966984 0.970845 0.974112 0.976917 0.979355 0.981489 0.983367 0.985031 0.986514  0.98788 0.989227 0.990384 0.991239
     0.9 0.317425 0.687326 0.709393 0.713547 0.718418 0.822206 0.822857 0.878599 0.878618 0.906525 0.906525 0.923929 0.923929 0.936156 0.936156 0.945335 0.945335 0.952539  0.95315 0.958378 0.963229 0.967337 0.970868 0.973936 0.976624 0.978991 0.981079 0.982926 0.984664 0.986082 0.987956  0.98869
       1 0.328051 0.661863 0.673044 0.674421 0.702052 0.782105 0.783268 0.851162 0.851205 0.885526 0.885527 0.906774 0.906774 0.921689 0.921689 0.932895 0.932895 0.941699 0.941808 0.948843 0.954783 0.959817 0.964147 0.967913 0.971214 0.974122 0.976686 0.978974 0.981019 0.983209 0.984316 0.985905
     1.1 0.340813 0.617936 0.634531  0.65617 0.687514 0.739518 0.741455 0.821327 0.821416 0.862729 0.862731 0.888122 0.888122 0.905926 0.905926 0.919316 0.919316 0.929848 0.929925 0.938404 0.945526 0.951568 0.956769 0.961296 0.965267 0.968766 0.971853 0.974573 0.976953 0.979033 0.980795 0.982403
     1.2 0.351855 0.578781 0.599793 0.625479 0.658188 0.695421 0.698461 0.789292 0.789461 0.838259 0.838264 0.868066 0.868066 0.888937 0.888937  0.90465  0.90465 0.917026 0.917028 0.927094 0.935484  0.94261 0.948749 0.954097 0.958792 0.962932 0.966586 0.969802 0.972609  0.97518 0.977236 0.979239
     1.3 0.360076 0.545108 0.568994 0.570784  0.60098 0.650901 0.655428  0.75531 0.755616 0.812252 0.812262 0.846711 0.846711 0.870798 0.870798 0.888953 0.888953 0.903276 0.903277 0.914945 0.924683 0.932962 0.940104  0.94633 0.951801 0.956628 0.960889 0.964635 0.967907 0.970869  0.97389  0.97584
     1.4 0.365498 0.485063 0.513327 0.517242 0.547721  0.60706 0.613497 0.719705 0.720227 0.784854 0.784876 0.824167 0.824168 0.851592 0.851592 0.872288 0.872288 0.888645 0.888646 0.901994  0.91315 0.922649  0.93085 0.938009 0.944304 0.949863 0.954772 0.959008 0.962591 0.964983 0.968621 0.971062
     1.5 0.368508 0.386368 0.408182 0.495223 0.530565 0.564911 0.573698 0.682875 0.683723 0.756228 0.756269 0.800554 0.800555 0.831408 0.831408 0.854722 0.854722 0.873185 0.873186  0.88828 0.892732 0.900918 0.911693 0.921009  0.92915 0.936315 0.942649 0.948251 0.953204 0.957711 0.961659 0.965779
     1.6 0.289816 0.303574 0.369552 0.478882 0.519103   0.5253 0.536864 0.645289  0.64661 0.726547 0.726622 0.775997    0.776  0.81034  0.81034 0.836326 0.836326  0.85695  0.85695 0.873847 0.876569  0.88802 0.900122 0.910601 0.919769 0.927848 0.934995 0.941322 0.946908 0.951857 0.956189 0.960074
     1.7 0.206697 0.211867 0.369039 0.467856 0.488855 0.503593 0.512952 0.607473 0.609448 0.696003 0.696132 0.750628 0.750633 0.788488 0.788488 0.817175 0.817175 0.839997 0.839997 0.858738 0.858978  0.87449 0.887964 0.899649 0.909885 0.918915 0.926913 0.933998  0.94026 0.945732 0.950881  0.95504
     1.8 0.137452 0.141106 0.367311 0.455978 0.461472 0.474241  0.51143 0.569978 0.572827 0.664801 0.665016 0.724583 0.724592 0.765956 0.765956 0.797349 0.797349 0.822389 0.822389 0.843003 0.843129 0.860366 0.875248 0.888175 0.899516 0.909534 0.918416 0.926293 0.933256 0.939418  0.94498 0.949738
      1.9 0.0798486 0.0933908  0.364645  0.426867  0.448957  0.458425  0.513193  0.533352  0.537326  0.633168  0.633512     0.698  0.698017  0.742852  0.742853  0.776931  0.776931  0.804188  0.804188  0.826689   0.82673  0.845689  0.862007  0.876206  0.888683   0.89972  0.909517  0.918214  0.925904  0.932645  0.938719  0.944506
        2 0.0384714 0.0642599  0.361262  0.401562  0.427726   0.45612    0.4981  0.503476  0.515494  0.601345  0.601877  0.671019  0.671049  0.719286  0.719287  0.756007  0.756007  0.785463  0.785463  0.809852  0.809852  0.830498  0.848272  0.863768  0.877407   0.88949   0.90023  0.909775  0.918218   0.92564  0.932077  0.937744
      2.1 0.0248876 0.0554208  0.357342  0.379986   0.41043  0.449745  0.464654  0.471726  0.513098  0.569587  0.570385  0.643781  0.643832  0.695368   0.69537  0.734663  0.734663  0.766281  0.766281  0.792543  0.792544  0.814839  0.834079  0.850888  0.854225  0.865711  0.878863   0.89057  0.900986  0.910212  0.918415  0.926246
      2.2 0.0422895  0.061896  0.353031  0.361993   0.39689  0.432092  0.433349  0.442419  0.497879  0.538159  0.539322  0.616426  0.616509  0.671208  0.671212  0.712988  0.712988  0.746713  0.746713  0.774821  0.774821  0.798755  0.807935  0.819463  0.837596  0.853618  0.867858  0.880551  0.891861  0.901889  0.910693  0.918402
      2.3 0.0625451  0.074024  0.347397  0.348457  0.386895  0.396582   0.40442  0.415787  0.461876  0.507325  0.508973  0.589092  0.589225  0.646914  0.646921  0.691072  0.691072  0.726831  0.726831  0.756741  0.756741  0.782293   0.78235  0.804462  0.823922  0.841152  0.856493  0.870191  0.882411  0.893258    0.9028  0.911063
      2.4 0.0801661 0.0867371  0.335988   0.34345  0.343733  0.378001  0.380225  0.391953  0.404342  0.477341  0.479618  0.561916   0.56212  0.622593  0.622604  0.669002  0.669003  0.706707  0.706707  0.738362  0.738362  0.765499  0.765501  0.789114  0.809896  0.828338   0.84479  0.859505  0.872652  0.884336  0.894607  0.903466
      2.5 0.0951008 0.0985108  0.281387  0.327527   0.33446  0.338973  0.354136  0.370949  0.376634  0.448443  0.451514  0.535029  0.535336  0.598342  0.598362  0.646865  0.646866  0.686412  0.686412  0.719744  0.719744  0.748422  0.748423  0.773458  0.795551  0.815202   0.83277  0.848511  0.862596  0.875132  0.886163  0.895672
     2.6 0.107809 0.109049  0.22092 0.264463 0.321711 0.332805 0.334306 0.352734 0.375809 0.420838 0.424887  0.50856 0.509011 0.574259  0.57429 0.624743 0.624745 0.666017 0.666017 0.700945 0.700945 0.731111 0.731111 0.757534 0.759503 0.780919 0.801772 0.820455 0.837226 0.852259 0.865657 0.877464
     2.7 0.118417 0.118738 0.168352  0.20233 0.313933 0.318094 0.329897 0.337215 0.377271 0.394695 0.399925 0.482633 0.483279 0.550431  0.55048 0.602718  0.60272 0.645592 0.645592 0.682024 0.682024 0.713614 0.713614 0.741382 0.742343 0.766034 0.788074 0.807867  0.82567 0.841656 0.855925 0.868516
     2.8 0.125379 0.126777 0.128257 0.150696 0.297414 0.315934 0.324267  0.32599 0.370142 0.376767 0.380186 0.457363 0.458271 0.526938 0.527014 0.580862 0.580867 0.625204 0.625204 0.663039 0.663039 0.695981 0.695981 0.725044 0.725047 0.750929 0.774137 0.795029 0.813861 0.830802 0.845949 0.859332
      2.9 0.0912487  0.109052    0.1343  0.136664  0.283126  0.313751  0.313958  0.322991  0.347266  0.355509  0.383069  0.432861  0.434109  0.503855  0.503969  0.559247  0.559254  0.604917  0.604917  0.644045  0.644045  0.678258  0.678258   0.70856  0.708561  0.735639  0.759989  0.781965  0.801819  0.819714  0.826336   0.83574
        3 0.0645324 0.0757909  0.141146  0.144195  0.270939  0.305525  0.310081  0.321655   0.32611  0.336199  0.383415  0.409226  0.410908  0.481248  0.481416  0.537935  0.537946  0.584791  0.584792  0.625098  0.625098  0.660495  0.660495   0.69197  0.691971  0.720198  0.720728  0.745658  0.768699  0.789563  0.808407  0.825314
      3.1  0.044038 0.0492652  0.147459  0.151048  0.260721  0.299448  0.301364  0.306682  0.318848   0.32355  0.377567  0.386545  0.388771  0.459175  0.459419  0.516982     0.517  0.564883  0.564884  0.606249  0.606249  0.642736  0.642736  0.675315  0.675315  0.704639  0.704644  0.731174  0.755255  0.777114    0.7969  0.814684
      3.2 0.0283153 0.0294047  0.153367  0.157386  0.252342  0.284759   0.28896  0.295386  0.303429  0.332363  0.361512  0.364895  0.367789  0.437688  0.438035  0.496438  0.496466  0.545245  0.545246  0.587548  0.587548  0.625028  0.625028  0.658634  0.658634  0.688998  0.689035  0.716565  0.739291  0.741657  0.764492  0.785207
      3.3 0.0135336 0.0217552   0.15899  0.163355  0.245668  0.258923  0.272898  0.289892    0.2932  0.333073  0.344334  0.348037  0.358157  0.416834  0.417317  0.476346  0.476388  0.525922  0.525925  0.569041  0.569041  0.607412  0.607412  0.641965  0.641965  0.673307  0.673307  0.701861  0.701991  0.727929  0.751717  0.773348
      3.4 0.0127368  0.022111  0.164445  0.169092  0.225773  0.240548  0.258433  0.278169   0.29273  0.294068  0.324909  0.329573  0.396651  0.397315  0.432801  0.456742  0.456803  0.506957  0.506961  0.550771  0.550771  0.589929  0.589929  0.625346  0.625346  0.657599  0.657599  0.687089  0.687121  0.714097  0.738811  0.761339
      3.5 0.0222368 0.0273352  0.169855  0.174733  0.189696  0.236788  0.245491  0.249759  0.268177  0.293764  0.306647  0.312438  0.377175   0.37807  0.437654  0.437743  0.488386  0.488392  0.532776  0.532776  0.572617  0.572617  0.608811  0.608811  0.632668  0.641906  0.641906  0.672278  0.672323  0.700185  0.709259  0.725795
      3.6 0.0321443 0.0339126  0.155006  0.175357  0.180426  0.205814  0.233994  0.234106   0.25983  0.289563  0.295971  0.296655  0.358435  0.359625  0.419106  0.419234  0.470238  0.470248  0.515092  0.515092  0.555513  0.555513  0.565807  0.592394  0.592394   0.62626   0.62626  0.657455  0.657463  0.686216  0.687058  0.712688
      3.7 0.0404804 0.0411157  0.124264  0.165939  0.181118  0.186345  0.223862  0.232068  0.253041  0.273655  0.282231  0.298812  0.340457  0.342013  0.391891  0.401116  0.401297  0.452538  0.452553  0.497749   0.49775  0.538647  0.538647  0.576129  0.576129   0.61069   0.61069  0.642648   0.64265  0.672214  0.672563  0.699512
      3.8 0.0466687 0.0491289 0.0982884  0.131603   0.18736  0.192715  0.215014  0.229987  0.247725   0.25891  0.269157  0.301398  0.322845   0.32326  0.325269  0.383696  0.383948  0.435307  0.435329  0.480773  0.480775  0.522051  0.522051  0.560043  0.560043  0.595224  0.595224  0.627883  0.627883  0.658204  0.658208  0.686288
      3.9 0.0524173 0.0563204 0.0768749  0.102831  0.194393  0.199848  0.207375  0.226837  0.243799  0.245303  0.257413  0.290374  0.302354   0.30686  0.309418  0.366857  0.367203  0.418558   0.41859  0.464188   0.46419  0.505751  0.505751  0.544166  0.544166  0.579889  0.579889  0.613184  0.613184  0.644207  0.644208  0.673035
        4 0.0577602 0.0594332 0.0628371 0.0790103  0.200868  0.202693  0.208211  0.221249  0.232801  0.241187  0.246966  0.271348  0.291269  0.294484   0.29977  0.350604  0.351071  0.402302  0.402349  0.448011  0.448015  0.489769  0.489769  0.528521  0.528521  0.564711  0.564711  0.598575  0.598575  0.630246  0.630246  0.659773
      4.1  0.045341 0.0593802 0.0627593 0.0688111  0.195418  0.211762  0.213035  0.218564  0.221363  0.237776  0.239809   0.25814  0.276492  0.280485  0.291496   0.33494  0.335562  0.386545  0.386612  0.432257  0.432262  0.474125  0.474125  0.513132  0.513132  0.549712  0.549712  0.584081  0.584081  0.616342  0.616342  0.646523
      4.2 0.0341155 0.0432714 0.0674823 0.0743577  0.190944  0.197429  0.210945  0.226804  0.229795  0.232247  0.239578  0.247812  0.262532  0.267433  0.275938  0.319867  0.320687  0.371289  0.371383  0.416936  0.416944  0.458837  0.458837   0.49802   0.49802  0.534916  0.534916  0.569721  0.569721  0.602516  0.602516  0.633301
      4.3 0.0255143 0.0302513 0.0719964 0.0795785  0.178511  0.187347  0.201499  0.222976  0.239066  0.240386  0.246731  0.249385  0.251887  0.253079  0.255333  0.305385  0.306451  0.356534  0.356663  0.402055  0.402066  0.443917  0.443918    0.4832    0.4832   0.52034   0.52034  0.555516  0.555516  0.588787  0.588787  0.620128
      4.4 0.0196232 0.0203553 0.0763678 0.0845658  0.156602    0.1845  0.192979  0.217266  0.224845  0.231261  0.237042  0.242078  0.244186  0.278997  0.283386  0.291493  0.292863  0.342275  0.342452  0.387617  0.387634  0.429378  0.429379   0.46869   0.46869  0.506004  0.506004  0.541486  0.541486  0.575173  0.575173   0.60702
      4.5 0.0146186 0.0167713  0.080663 0.0894067  0.133921  0.182218  0.185336  0.194288  0.212614  0.224054   0.22549  0.233986  0.244417   0.27819  0.279931  0.328508  0.328748  0.340477  0.342745  0.373624  0.373648  0.415226  0.415227  0.454502  0.454502  0.491922  0.491922  0.527646  0.527646  0.561693  0.561693  0.593994
      4.6  0.014534 0.0168782  0.084952 0.0941886  0.112372  0.164262  0.178524  0.180231  0.208971  0.214712  0.217245  0.224723  0.247031  0.265473   0.26766  0.315226  0.315547  0.360074  0.360108  0.401466  0.401469  0.440645  0.440645  0.478109  0.478109  0.483816  0.488283  0.514013  0.514013  0.548362  0.548362  0.581067
      4.7 0.0184434 0.0189842 0.0893131 0.0930781 0.0990046  0.136635  0.172496  0.178138  0.204688   0.20629  0.210713  0.216378  0.249344  0.253338  0.256058   0.30242  0.302845  0.346962  0.347009  0.388102  0.388106  0.427129  0.427129  0.464577  0.464577  0.500601  0.500601  0.535195  0.535195  0.568253  0.568253  0.596092
      4.8  0.022019 0.0235939 0.0764367 0.0938395  0.103962  0.112238   0.16721  0.175374  0.195395  0.204378  0.204523  0.208933  0.224422  0.241782  0.245129  0.250508  0.253135  0.290083  0.290639  0.334282  0.334348  0.375134  0.375139  0.413959   0.41396  0.451334  0.451334  0.487423  0.487423  0.522207  0.522207  0.555566
      4.9 0.0253625 0.0288468 0.0623967 0.0911965 0.0986498  0.109191  0.120069  0.143028  0.162618  0.171217  0.186806  0.198186  0.202363  0.203625    0.2308  0.234879  0.249393  0.278206  0.278926  0.322027  0.322117  0.362559  0.362568   0.40114   0.40114   0.43839   0.43839  0.474488  0.474488   0.50941   0.50941  0.543021
        5 0.0287428 0.0338828 0.0507042 0.0732732  0.103904  0.105633  0.114868  0.119814  0.158675  0.164893  0.178894  0.192095   0.19664  0.203545  0.220385   0.22531  0.244713   0.26678  0.267704  0.310187  0.310309  0.350376  0.350388  0.388672  0.388673  0.425751  0.425751  0.461807  0.461807  0.496815  0.496815  0.530629
      5.1 0.0320569 0.0386363 0.0410581 0.0581001  0.109834  0.111159  0.119177  0.121237  0.155325  0.155817   0.17163  0.186075  0.191737  0.204221  0.210529  0.216423  0.235376  0.255798  0.256971  0.298752  0.298916  0.338578  0.338595  0.376557  0.376559  0.413421  0.413422  0.449387  0.449387  0.484432  0.484432  0.518401
      5.2 0.0331913 0.0352769 0.0431222 0.0453123  0.116794  0.118928  0.123407  0.128671  0.143905  0.152501  0.164987  0.180098  0.187623  0.201224  0.205573  0.208215  0.220983  0.245252  0.246726  0.287713  0.287931  0.327158  0.327182  0.364794  0.364796  0.401404  0.401404  0.437236  0.437236   0.47227   0.47227  0.506348
      5.3 0.0269091 0.0346229 0.0384082 0.0473819  0.125368  0.125769  0.128154  0.129741  0.137774  0.150114  0.158936  0.174138  0.184269  0.192458  0.200685  0.202177  0.207481  0.235134   0.23697  0.277058  0.277344  0.316111  0.316144  0.353379  0.353382  0.389701  0.389702  0.425357  0.425357  0.460337  0.460337  0.494479
      5.4 0.0221039 0.0258876 0.0414723 0.0514666  0.114413  0.131377  0.132432  0.136601  0.148038  0.149616  0.153448   0.16817  0.180495  0.181646  0.184221  0.193824  0.209766  0.225438  0.227706  0.266776  0.267149  0.305425  0.305471  0.342309  0.342313  0.378313  0.378314  0.413755  0.413755   0.44864   0.44864  0.482803
      5.5 0.0187441   0.01921 0.0444996 0.0554314 0.0991038  0.135932   0.13609  0.146094  0.148495  0.152562  0.157802  0.162167  0.166293  0.176498  0.179725  0.187624  0.212158  0.216159  0.218933  0.256856  0.257339  0.295093  0.295155  0.331579  0.331585  0.367238  0.367239  0.402433  0.402433  0.437182  0.437182  0.471326
      5.6 0.0150748  0.016813 0.0475268  0.059335  0.084738  0.135688  0.139176  0.139656   0.14403   0.14405  0.156099  0.169274  0.177981  0.178477  0.182075  0.192535  0.207289  0.210656  0.214254  0.247289  0.247908  0.285105  0.285188  0.321182   0.32119  0.356475  0.356476  0.391391  0.391391   0.42597   0.42597  0.460056
      5.7 0.0140644 0.0161986 0.0505972 0.0632411 0.0718459  0.115185  0.140085  0.141509  0.141777  0.142731  0.149937  0.162535  0.177163  0.177873  0.198824  0.202875  0.215488  0.226072  0.238065   0.23885  0.241367  0.275449  0.275559  0.311111  0.311123  0.346021  0.346022  0.380631  0.380631  0.415005  0.415005  0.448997
      5.8 0.0157531 0.0166356 0.0537631 0.0606197  0.067222 0.0967858   0.13657  0.138114  0.143661  0.143978  0.145297  0.156263  0.172872  0.177883  0.190757  0.195594  0.215121  0.229174  0.230162  0.266115  0.266261   0.30136  0.301376  0.335871  0.335872  0.343705  0.357925   0.37015  0.370151  0.404291  0.404291  0.438154
      5.9 0.0177864 0.0188634 0.0510355 0.0570895 0.0713643 0.0806015  0.133398  0.133472  0.137299  0.145853  0.147462  0.150442  0.169188   0.17847  0.183082  0.188814  0.212313  0.220609  0.221842  0.257093  0.257285  0.291919  0.291942   0.32602  0.326022  0.359949  0.359949  0.393827  0.393827   0.42753   0.42753  0.427951
        6 0.0193627 0.0224807 0.0429626 0.0606612 0.0665308 0.0757773  0.126999  0.130752  0.131043  0.135176  0.145054  0.147464   0.14931  0.157885  0.166093  0.175793  0.179586  0.182534  0.206298  0.212362  0.213888  0.248372  0.248621   0.28278  0.282811  0.316464  0.316467  0.350025  0.350025  0.383616  0.383616  0.417128
      6.1  0.021171 0.0261991 0.0362369 0.0372678 0.0543808 0.0645942 0.0730625 0.0806074  0.118792   0.12567  0.128361  0.140081  0.148861  0.150907  0.163569  0.168883  0.176754  0.181166  0.196646  0.204426  0.206301  0.239942  0.240264  0.273935  0.273976  0.307197  0.307201  0.340374  0.340374  0.373655  0.373655   0.40695
      6.2 0.0178955 0.0230998 0.0298674 0.0307009  0.043943 0.0523745 0.0690555  0.086062  0.108998  0.123866  0.126232  0.135505  0.150091  0.152312  0.161598  0.162344  0.171473  0.183115  0.183508  0.196795   0.19908  0.231792  0.232204  0.265373  0.265429  0.298211  0.298217  0.330992  0.330993  0.363945  0.363945  0.396998
      6.3 0.0250913  0.026222 0.0334413 0.0350402 0.0360651 0.0532177 0.0742988 0.0924529 0.0981635  0.124275  0.131309  0.132691  0.151198  0.153575  0.156168  0.160163  0.166686   0.16765  0.185292  0.189464  0.192229  0.223915  0.224438  0.257085   0.25716    0.2895  0.289508  0.321877  0.321877  0.354484  0.354484  0.387272
      6.4 0.0226974 0.0271209 0.0275619 0.0369221 0.0501853 0.0589421 0.0807354  0.086996   0.10028  0.122369  0.127475  0.150228  0.150345  0.152224  0.154746  0.155187  0.159246  0.162388  0.182429  0.185749   0.18749    0.2163  0.216959  0.249063  0.249161  0.281057  0.281068  0.313022  0.313023  0.345268  0.345268  0.377771
      6.5 0.0200482 0.0215067 0.0291842 0.0403326 0.0604894 0.0649056 0.0761552 0.0890829  0.110412  0.120346  0.123984  0.132433  0.144867  0.153215  0.155879  0.158573  0.158828  0.166453  0.175684  0.179643  0.189413   0.20894  0.209764  0.241296  0.241424  0.272873  0.272889  0.304422  0.304424  0.336296  0.336296  0.368495
      6.6 0.0170381  0.018205 0.0312898 0.0437073  0.066116 0.0683886 0.0702418  0.100722   0.11522   0.11799  0.120817  0.124503  0.139723  0.154229  0.155234  0.157034  0.158734   0.15889  0.169225  0.173913  0.190654  0.201827   0.20285  0.233776  0.233942  0.264942  0.264963  0.296073  0.296075  0.327563  0.327563  0.359443
      6.7 0.0144815 0.0170908 0.0334565 0.0470897 0.0571386 0.0747233 0.0749099 0.0992011  0.115045  0.117952  0.118679  0.134902  0.146159  0.146979   0.15236  0.155339  0.158292  0.159406  0.163048  0.168563  0.190698  0.194955  0.196216  0.226493  0.226707  0.257255  0.257283  0.287967   0.28797  0.319067  0.319067  0.350612
      6.8 0.0140328 0.0166078 0.0357124 0.0493093 0.0505323 0.0790211 0.0799949 0.0846764  0.111237  0.115364  0.130394   0.13654  0.149944  0.151019  0.156648  0.157149  0.159763   0.16035  0.163594  0.184886  0.188318  0.188957  0.189861  0.219439  0.219712  0.249804  0.249842    0.2801  0.280104  0.310802  0.310803  0.342002
      6.9 0.0153233 0.0166396 0.0380958 0.0426027 0.0540992 0.0717266 0.0826949 0.0845181  0.106337  0.113024  0.126187  0.127771  0.147973  0.151524  0.158316  0.159008  0.161615  0.161681   0.18191  0.183785  0.184869  0.212605  0.212952  0.226766  0.242582  0.242631  0.272464   0.27247  0.274264  0.302765  0.302766  0.333608
        7  0.017067 0.0176398  0.036935 0.0406585 0.0578716 0.0603025 0.0860318 0.0885009  0.100243  0.110892  0.120255   0.12227  0.146167  0.146437  0.154805  0.160608  0.163345  0.164126  0.175726  0.177991  0.178056  0.205983  0.206421   0.23558  0.235645  0.265054  0.265062  0.294951  0.294952  0.325428  0.325428  0.356345
      7.1 0.0177846 0.0204307 0.0322011 0.0434717 0.0502931  0.061956 0.0891129 0.0920884 0.0930408  0.108921  0.113622  0.118631  0.141074  0.145325  0.150985  0.164001  0.165263  0.167793  0.168479  0.169764  0.172479  0.194508  0.199567  0.200116   0.22836   0.22879  0.228875  0.257862  0.257873  0.287354  0.287356  0.317459
      7.2 0.0187102 0.0234023 0.0282948 0.0415723 0.0466363 0.0664989  0.078461 0.0850238 0.0859978 0.0920043 0.0953867  0.107042  0.107622  0.115257  0.136239  0.144626  0.147546  0.156512  0.164018  0.167254   0.16732  0.169459  0.173608  0.193349  0.194032  0.222205  0.222315  0.250883  0.250897  0.279971  0.279972  0.309698
      7.3 0.0197863 0.0251184 0.0264223  0.034029 0.0345854 0.0396912 0.0503003 0.0717119   0.07662 0.0947613  0.098478   0.10209  0.105169  0.112136  0.131656  0.142862  0.144326  0.144486  0.158487  0.162318  0.169352  0.179196  0.183836  0.187323  0.188167  0.215817  0.215959  0.244109  0.244127  0.272794  0.272796  0.302139
      7.4 0.0120197 0.0209762 0.0225859 0.0262828 0.0275899 0.0294395 0.0546925 0.0682816 0.0779174 0.0969185 0.0974336   0.10143  0.103185  0.109254  0.127319  0.128384  0.141801  0.144413  0.153166  0.157675  0.171131  0.181483   0.18252  0.199415  0.204767  0.209619    0.2098  0.237533  0.237558   0.26582  0.265823   0.29478
      7.5 0.0142719 0.0206211 0.0222443 0.0222597 0.0253168 0.0324442 0.0601869 0.0603836 0.0856382 0.0920352  0.100069  0.100948  0.104304  0.106596  0.113868  0.123221  0.139487  0.144871  0.148053  0.153328  0.172351  0.175824  0.177089  0.203603  0.203833  0.231149  0.231182  0.253874  0.259042  0.259046  0.260291  0.287617
      7.6 0.0180723 0.0191554 0.0235181 0.0236294 0.0287837 0.0354483 0.0531755  0.067442 0.0873909  0.095788 0.0982906 0.0999174  0.102715  0.104147  0.107157  0.119355  0.137538  0.143146  0.145681   0.14928  0.170341  0.171877  0.172632  0.197763  0.198053  0.224951  0.224994  0.252455  0.252461  0.280644  0.280644  0.309528
      7.7 0.0152551 0.0181243 0.0250883 0.0312037 0.0329797  0.038478 0.0467818 0.0777333 0.0829513 0.0869109 0.0950386  0.101885  0.105429  0.110052  0.110126  0.115714  0.135948  0.138442  0.145534  0.146818  0.165031  0.166882  0.171539  0.192092  0.192457  0.218931  0.218987  0.246054  0.246061  0.273857  0.273858  0.302383
      7.8 0.0139808 0.0174666 0.0266483 0.0369459 0.0374049 0.0412312 0.0415706 0.0750379 0.0786927 0.0910457 0.0938818 0.0997877  0.108278  0.112289  0.113061   0.13251  0.133937  0.134711  0.142091   0.14825   0.15989  0.162109  0.168647  0.186584  0.187039  0.188058  0.190591  0.213084  0.213157  0.239832  0.239842  0.267253
      7.9 0.0142061 0.0171238 0.0283307 0.0364908 0.0405273 0.0425401 0.0447749 0.0643516 0.0745983 0.0862377 0.0978238  0.109073   0.11135  0.116275  0.123459  0.129629  0.133819  0.138954  0.149221  0.149928  0.150968  0.154915  0.157558  0.163636  0.173174  0.181234  0.181797  0.207403  0.207496  0.233785  0.233798  0.260826
        8 0.0155637 0.0170425 0.0301675  0.032495 0.0437557 0.0469162 0.0481539 0.0548237 0.0706565 0.0806544 0.0959547  0.106056  0.114773  0.119821  0.125514  0.133265  0.136124   0.13795  0.138883  0.150103  0.151786  0.153234  0.156395  0.176035   0.17673  0.193401  0.201881  0.202001  0.227907  0.227923  0.254571  0.254573
      8.1 0.0171755 0.0176013 0.0291643 0.0322048 0.0463851  0.046697  0.050744  0.051791 0.0668588 0.0744648   0.09413   0.10323  0.118734  0.121589  0.123882   0.13304  0.133525  0.133598  0.133859  0.145453  0.147097  0.149139  0.153726  0.170984  0.171835  0.196514  0.196666  0.222191  0.222213  0.248485  0.248487  0.275556
      8.2 0.0174839 0.0199919 0.0264176 0.0345087 0.0389554  0.049415 0.0541707 0.0557992 0.0631986 0.0679391 0.0922848  0.100585  0.117849  0.123538  0.128749  0.131148  0.131246  0.131378  0.133136  0.136177  0.140962  0.145278  0.155616  0.161266  0.166076  0.167113  0.191295  0.191487  0.216634  0.216662  0.220536  0.242562
      8.3 0.0179375 0.0225516 0.0241774 0.0324633 0.0371759 0.0519647 0.0573029 0.0596688 0.0603384 0.0613876 0.0736151 0.0903373 0.0981106 0.0984866   0.11429  0.124235  0.129303   0.12946  0.129713  0.129725  0.133541  0.134922  0.136628  0.141654  0.157273  0.161307  0.162563  0.186218  0.186459  0.211229  0.211266  0.236797
      8.4 0.0185143 0.0223728 0.0251905 0.0268628 0.0403523 0.0406164 0.0510668 0.0543927 0.0550936 0.0562584 0.0602216 0.0656444 0.0881886 0.0957943  0.110907  0.111898  0.127799  0.127843  0.128475   0.13245  0.134243  0.138269  0.138271  0.143336  0.156673  0.158186  0.158458  0.181278   0.18158  0.205971  0.206019  0.231187
      8.5    0.0192 0.0209407 0.0221493 0.0252252 0.0274324 0.0278716 0.0442681 0.0492689 0.0529452 0.0567397 0.0629911 0.0720841 0.0857269 0.0936226 0.0997054  0.107695   0.12642  0.126522  0.127302  0.128425  0.135133  0.135226  0.151389  0.152172  0.153983  0.155984  0.158878  0.176471  0.176846  0.200854  0.200916  0.225726
      8.6 0.0155689 0.0183777 0.0184748 0.0198249 0.0199877 0.0305883 0.0440399 0.0493085 0.0496802 0.0590427 0.0656659 0.0802644 0.0828388 0.0880501 0.0915791  0.104648  0.124552  0.125067  0.125495  0.126124  0.132242  0.136468  0.147801  0.149958  0.158199  0.171791  0.172255  0.174738  0.177961  0.195875  0.195953   0.22041
      8.7 0.0132055 0.0156682 0.0169817 0.0189767 0.0208767 0.0333526 0.0394573 0.0463527 0.0561675 0.0613378  0.068295 0.0771761 0.0794298  0.089644   0.09127  0.101762  0.120829  0.123694  0.124755  0.124905  0.129601  0.137938  0.143557  0.146113  0.156087  0.167234  0.167804  0.191027  0.191127  0.215234  0.215249  0.226721
      8.8 0.0141618 0.0165021 0.0181647 0.0183543 0.0218733 0.0355157 0.0361896 0.0427206 0.0636631 0.0662277 0.0672038 0.0709271 0.0754514 0.0877926 0.0990288  0.107244  0.117254  0.122277  0.123629  0.124299  0.127211  0.139439  0.139596  0.142451  0.152275  0.162796  0.163493  0.186306  0.186433  0.210194  0.210213  0.234791
      8.9 0.0138897 0.0179223 0.0202921 0.0208868 0.0229902 0.0321748 0.0383257 0.0391369  0.058167 0.0660614 0.0709276 0.0736137 0.0826541 0.0859938 0.0964425  0.113824  0.120805   0.12229  0.124121  0.125074  0.133044  0.135445  0.138976  0.141383  0.146629  0.158474  0.159321  0.181707  0.181866  0.205285   0.20531  0.229547
        9 0.0146666 0.0176513 0.0226181 0.0242486 0.0250235 0.0293753 0.0327414 0.0422452  0.050046 0.0659663 0.0685853  0.076415 0.0789565 0.0842085 0.0939957  0.110537  0.114258  0.115518   0.11927  0.120886  0.123191  0.124213  0.131574  0.135692  0.139215  0.143216  0.154263  0.155288  0.177225  0.177425  0.181948  0.200504
      9.1  0.016174 0.0175179 0.0248942 0.0256801 0.0270024 0.0270505 0.0287264  0.042795 0.0455826 0.0607479 0.0654237 0.0713037 0.0794068  0.082388 0.0857682 0.0916804   0.10739  0.117669  0.119419   0.12156   0.12457  0.127823  0.130301  0.132602  0.144983  0.150161  0.151395  0.172858  0.173107   0.19036  0.195844  0.195885
      9.2 0.0175035 0.0181226 0.0238347 0.0251339 0.0270552 0.0273308 0.0320368 0.0363607 0.0492416 0.0554902 0.0720954 0.0743126 0.0804726 0.0826548 0.0826916 0.0894877  0.104379  0.115998  0.117888  0.120182  0.120308  0.124193  0.125181  0.129711  0.146165  0.146535  0.147643  0.168599  0.168907  0.191304  0.191355    0.2146
      9.3 0.0175945 0.0203196 0.0233519 0.0235629 0.0290981 0.0292684 0.0306969 0.0350305 0.0504051 0.0533512 0.0777549 0.0783927 0.0789834  0.084657 0.0864182 0.0874075    0.1015  0.109723  0.113065  0.114256  0.116298  0.119055  0.120682  0.126037  0.127022  0.142273  0.144033  0.147678  0.164445  0.164826  0.172642  0.186877
      9.4 0.0177817 0.0222814 0.0226564 0.0237443 0.0257766 0.0310403 0.0315937 0.0377789 0.0456634 0.0580983 0.0603326 0.0760721  0.081857 0.0844133 0.0854281 0.0874243  0.089082 0.0908175 0.0987512 0.0990065  0.112438  0.114653  0.117289  0.118176  0.124539  0.127121  0.138482  0.140569  0.148179  0.160393   0.16086  0.182561
      9.5 0.0180594 0.0212403 0.0216038 0.0242144 0.0250798 0.0329051  0.034463 0.0373839 0.0403431 0.0413778 0.0517414 0.0637657 0.0734359 0.0835356 0.0870046 0.0885327 0.0886473 0.0900477 0.0961266 0.0962761  0.110544  0.112957  0.114012  0.117542  0.122264  0.128415  0.134792  0.137253  0.147773  0.156439  0.157009   0.17835
      9.6 0.0182255 0.0184262 0.0203982 0.0246865 0.0254801 0.0275698 0.0315001 0.0347169 0.0376025 0.0381288 0.0427753 0.0704242 0.0708039 0.0785651 0.0817131  0.092022 0.0923636  0.093622  0.093917  0.103501  0.108569  0.110851  0.111221  0.117151  0.120201  0.129891    0.1312  0.134088  0.146192  0.152579  0.153271  0.174243
      9.7 0.0157345 0.0188842 0.0190334 0.0197205 0.0197212 0.0252406 0.0301281 0.0343443 0.0365003 0.0430265 0.0451211 0.0670086 0.0692636 0.0799402 0.0799802 0.0912323 0.0943805 0.0947811  0.104104  0.106514  0.107803  0.109461  0.113951  0.116998  0.118352  0.127705  0.131078  0.131513  0.143208  0.148812  0.149648  0.170233
      9.8 0.0137674 0.0142397 0.0158928 0.0191792 0.0194398 0.0259486 0.0315767 0.0327711 0.0382804 0.0474224 0.0499679 0.0607054 0.0632095 0.0781916 0.0889519 0.0927119 0.0961424 0.0970903  0.104384  0.104866  0.107709  0.116717   0.11708  0.121326  0.124307  0.128228  0.131182  0.133226  0.138689  0.145134   0.14614  0.166319
      9.9 0.0127331 0.0137828 0.0148778 0.0187519 0.0201038 0.0268499 0.0292534 0.0355281 0.0400844 0.0497207 0.0529106 0.0591041 0.0606416 0.0764367 0.0867747 0.0976956  0.099064   0.10204  0.102197  0.106031  0.111914  0.115297  0.117391  0.121004   0.12554   0.13264  0.134961  0.141542  0.142747  0.157895  0.162497   0.16275
