0 1 1 1 1 1 1 1 1 1 1 1 1 1 1 1 1
     0.1 0.813862 0.982122 0.982703 0.996056 0.996058 0.997813 0.997813 0.998457 0.998807 0.999032 0.999191 0.999313 0.999434 0.999559 0.999716 0.999837
     0.2  0.76537 0.944792 0.947064  0.98397    0.984 0.991247 0.991248 0.993834 0.995235 0.996134 0.996769  0.99727 0.997656 0.998298 0.998902 0.999362
     0.3 0.688556 0.898516 0.903432 0.963451 0.963601 0.980286 0.980287 0.986153 0.989301 0.991316 0.992737 0.993988 0.994971 0.996152 0.997462 0.998551
     0.4 0.592607  0.84997 0.858236 0.934618 0.935082 0.964898 0.964903 0.975447 0.981033 0.984601 0.987105 0.988915 0.990286 0.993036 0.995394 0.997399
     0.5 0.491427 0.803933 0.815953 0.898182 0.899277 0.945046 0.945068 0.961763 0.965762 0.970472  0.97602 0.979964 0.983277 0.987253 0.991539 0.995415
     0.6 0.402813 0.763575 0.779458 0.855467 0.857642 0.920721 0.920786  0.94516 0.945315  0.95767 0.965609  0.97121 0.976129 0.981296 0.987077 0.992627
     0.7 0.343233 0.730627 0.750247 0.808315 0.812133 0.891985 0.892142 0.925708 0.925718 0.942692 0.953418 0.961017 0.967356 0.973307 0.980842 0.987985
     0.8 0.317909 0.705526 0.728612 0.758885 0.764981 0.859025 0.859361 0.903488 0.903496 0.925614 0.939503 0.949277 0.957124 0.963955  0.97373 0.983296
     0.9 0.317425 0.687326 0.709393 0.713547 0.718418 0.822206 0.822857 0.878599 0.878618 0.906525 0.923929 0.936192 0.945676 0.953584 0.966076 0.975933
       1 0.328051 0.661863 0.673044 0.674421 0.702052 0.782105 0.783268 0.851162 0.851205 0.885526 0.906774 0.921707 0.933165 0.943641 0.954664 0.971833
     1.1 0.340813 0.617936 0.634531  0.65617 0.687514 0.739518 0.741455 0.821327 0.821416  0.86273 0.888122  0.90592 0.918826 0.931938 0.944032 0.961111
     1.2 0.351855 0.578781 0.599793 0.625479 0.658188 0.695421 0.698461 0.789292 0.789461 0.838259 0.868065 0.873925 0.888976 0.905153 0.919541 0.939082
     1.3 0.360076 0.545108 0.568994 0.570784  0.60098 0.650901 0.655428  0.75531 0.755616 0.812261 0.815081 0.846711 0.870807 0.889232 0.905873 0.930879
     1.4 0.365498 0.485063 0.513327 0.517242 0.547721  0.60706 0.613497 0.719705 0.720227 0.784863 0.784936 0.824167 0.851605 0.872786 0.891735 0.913915
     1.5 0.368508 0.386368 0.408182 0.495223 0.530565 0.564911 0.573698 0.682875 0.683723 0.756228 0.756269 0.800554 0.831409 0.854777 0.875644 0.894611
     1.6 0.289816 0.303574 0.369552 0.478882 0.519103   0.5253 0.536864 0.645289  0.64661 0.726547 0.726622 0.775998  0.81034 0.836344 0.858001 0.877974
     1.7 0.206697 0.211867 0.369039 0.467856 0.488855 0.503593 0.512952 0.607473 0.609448 0.696003 0.696132  0.75063 0.788488 0.817171 0.839967 0.860821
     1.8 0.137452 0.141106 0.367311 0.455978 0.461472 0.474241  0.51143 0.569978 0.572827 0.664801 0.665016 0.724584 0.744548 0.765957 0.797455 0.822903
      1.9 0.0798486 0.0933908  0.364645  0.426867  0.448957  0.458425  0.513193  0.533352  0.537326  0.633168  0.633512  0.698014  0.699106  0.742853  0.776942  0.804607
        2 0.0384714 0.0642599  0.361262  0.401562  0.427726   0.45612    0.4981  0.503476  0.515494  0.601345  0.601877  0.671032  0.671066  0.719286  0.756008  0.785722
      2.1 0.0248876 0.0554208  0.357342  0.379986   0.41043  0.449745  0.464654  0.471726  0.513098  0.569587  0.570385  0.643781  0.643832  0.695368  0.734663  0.766293
      2.2 0.0422895  0.061896  0.353031  0.361993   0.39689  0.432092  0.433349  0.442419  0.497879  0.538159  0.539322  0.616426  0.616509  0.671211  0.712988  0.746738
      2.3 0.0625451  0.074024  0.347397  0.348457  0.386895  0.396582   0.40442  0.415787  0.461876  0.507325  0.508973  0.589092  0.589225  0.646916  0.691072  0.726813
      2.4 0.0801661 0.0867371  0.335988   0.34345  0.343733  0.378001  0.380225  0.391953  0.404342  0.477341  0.479618  0.561916   0.56212  0.622595  0.632516  0.669003
      2.5 0.0951008 0.0985108  0.281387  0.327527   0.33446  0.338973  0.354136  0.370949  0.376634  0.448443  0.451514  0.535029  0.535336  0.598343  0.598615  0.646865
     2.6 0.107809 0.109049  0.22092 0.264463 0.321711 0.332805 0.334306 0.352734 0.375809 0.420838 0.424887  0.50856 0.509011  0.57426 0.574293 0.624743
     2.7 0.118417 0.118738 0.168352  0.20233 0.313933 0.318094 0.329897 0.337215 0.377271 0.394695 0.399925 0.482633 0.483279 0.550431  0.55048 0.602719
     2.8 0.125379 0.126777 0.128257 0.150696 0.297414 0.315934 0.324267  0.32599 0.370142 0.376767 0.380186 0.457363 0.458271 0.526938 0.527014 0.580864
      2.9 0.0912487  0.109052    0.1343  0.136664  0.283126  0.313751  0.313958  0.322991  0.347266  0.355509  0.383069  0.432861  0.434109  0.503855  0.503969  0.559247
        3 0.0645324 0.0757909  0.141146  0.144195  0.270939  0.305525  0.310081  0.321655   0.32611  0.336199  0.383415  0.409226  0.410908  0.481248  0.481416  0.537945
      3.1  0.044038 0.0492652  0.147459  0.151048  0.260721  0.299448  0.301364  0.306682  0.318848   0.32355  0.377567  0.386545  0.388771  0.459175  0.459419  0.516985
      3.2 0.0283153 0.0294047  0.153367  0.157386  0.252342  0.284759   0.28896  0.295386  0.303429  0.332363  0.361512  0.364895  0.367789  0.437688  0.438035   0.49645
      3.3 0.0135336 0.0217552   0.15899  0.163355  0.245668  0.258923  0.272898  0.289892    0.2932  0.333073  0.344334  0.348037  0.358157  0.416834  0.417317  0.476365
      3.4 0.0127368  0.022111  0.164445  0.169092  0.225773  0.240548  0.258433  0.278169   0.29273  0.294068  0.324909  0.329573  0.396651  0.397315  0.432801  0.456746
      3.5 0.0222368 0.0273352  0.169855  0.174733  0.189696  0.236788  0.245491  0.249759  0.268177  0.293764  0.306647  0.312438  0.377175   0.37807  0.437654  0.437743
      3.6 0.0321443 0.0339126  0.155006  0.175357  0.180426  0.205814  0.233994  0.234106   0.25983  0.289563  0.295971  0.296655  0.358435  0.359625  0.419106  0.419234
      3.7 0.0404804 0.0411157  0.124264  0.165939  0.181118  0.186345  0.223862  0.232068  0.253041  0.273655  0.282231  0.298812  0.340457  0.342013  0.391891  0.401116
      3.8 0.0466687 0.0491289 0.0982884  0.131603   0.18736  0.192715  0.215014  0.229987  0.247725   0.25891  0.269157  0.301398  0.322845   0.32326  0.325269  0.383696
      3.9 0.0524173 0.0563204 0.0768749  0.102831  0.194393  0.199848  0.207375  0.226837  0.243799  0.245303  0.257413  0.290374  0.302354   0.30686  0.309418  0.366857
        4 0.0577602 0.0594332 0.0628371 0.0790103  0.200868  0.202693  0.208211  0.221249  0.232801  0.241187  0.246966  0.271348  0.291269  0.294484   0.29977  0.350604
      4.1  0.045341 0.0593802 0.0627593 0.0688111  0.195418  0.211762  0.213035  0.218564  0.221363  0.237776  0.239809   0.25814  0.276492  0.280485  0.291496   0.33494
      4.2 0.0341155 0.0432714 0.0674823 0.0743577  0.190944  0.197429  0.210945  0.226804  0.229795  0.232247  0.239578  0.247812  0.262532  0.267433  0.275938  0.319867
      4.3 0.0255143 0.0302513 0.0719964 0.0795785  0.178511  0.187347  0.201499  0.222976  0.239066  0.240386  0.246731  0.249385  0.251887  0.253079  0.255333  0.305385
      4.4 0.0196232 0.0203553 0.0763678 0.0845658  0.156602    0.1845  0.192979  0.217266  0.224845  0.231261  0.237042  0.242078  0.244186  0.278997  0.283386  0.291493
      4.5 0.0146186 0.0167713  0.080663 0.0894067  0.133921  0.182218  0.185336  0.194288  0.212614  0.224054   0.22549  0.233986  0.244417   0.27819  0.279931  0.328576
      4.6  0.014534 0.0168782  0.084952 0.0941886  0.112372  0.164262  0.178524  0.180231  0.208971  0.214712  0.217245  0.224723  0.247031  0.265473   0.26766  0.315226
      4.7 0.0184434 0.0189842 0.0893131 0.0930781 0.0990046  0.136635  0.172496  0.178138  0.204688   0.20629  0.210713  0.216378  0.249344  0.253338  0.256058   0.30242
      4.8  0.022019 0.0235939 0.0764367 0.0938395  0.103962  0.112238   0.16721  0.175374  0.195395  0.204378  0.204523  0.208933  0.224422  0.241782  0.245129  0.250508
      4.9 0.0253625 0.0288468 0.0623967 0.0911965 0.0986498  0.109191  0.120069  0.143028  0.162618  0.171217  0.186806  0.198186  0.202363  0.203625    0.2308  0.234879
        5 0.0287428 0.0338828 0.0507042 0.0732732  0.103904  0.105633  0.114868  0.119814  0.158675  0.164893  0.178894  0.192095   0.19664  0.203545  0.220385   0.22531
      5.1 0.0320569 0.0386363 0.0410581 0.0581001  0.109834  0.111159  0.119177  0.121237  0.155325  0.155817   0.17163  0.186075  0.191737  0.204221  0.210529  0.216423
      5.2 0.0331913 0.0352769 0.0431222 0.0453123  0.116794  0.118928  0.123407  0.128671  0.143905  0.152501  0.164987  0.180098  0.187623  0.201224  0.205573  0.208215
      5.3 0.0269091 0.0346229 0.0384082 0.0473819  0.125368  0.125769  0.128154  0.129741  0.137774  0.150114  0.158936  0.174138  0.184269  0.192458  0.200685  0.202177
      5.4 0.0221039 0.0258876 0.0414723 0.0514666  0.114413  0.131377  0.132432  0.136601  0.148038  0.149616  0.153448   0.16817  0.180495  0.181646  0.184221  0.193824
      5.5 0.0187441   0.01921 0.0444996 0.0554314 0.0991038  0.135932   0.13609  0.146094  0.148495  0.152562  0.157802  0.162167  0.166293  0.176498  0.179725  0.187624
      5.6 0.0150748  0.016813 0.0475268  0.059335  0.084738  0.135688  0.139176  0.139656   0.14403   0.14405  0.156099  0.169274  0.177981  0.178477  0.182075  0.192535
      5.7 0.0140644 0.0161986 0.0505972 0.0632411 0.0718459  0.115185  0.140085  0.141509  0.141777  0.142731  0.149937  0.162535  0.177163  0.177873  0.198824  0.202875
      5.8 0.0157531 0.0166356 0.0537631 0.0606197  0.067222 0.0967858   0.13657  0.138114  0.143661  0.143978  0.145297  0.156263  0.172872  0.177883  0.190757  0.195594
      5.9 0.0177864 0.0188634 0.0510355 0.0570895 0.0713643 0.0806015  0.133398  0.133472  0.137299  0.145853  0.147462  0.150442  0.169188   0.17847  0.183082  0.188814
        6 0.0193627 0.0224807 0.0429626 0.0606612 0.0665308 0.0757773  0.126999  0.130752  0.131043  0.135176  0.145054  0.147464   0.14931  0.157885  0.166093  0.175793
      6.1  0.021171 0.0261991 0.0362369 0.0372678 0.0543808 0.0645942 0.0730625 0.0806074  0.118792   0.12567  0.128361  0.140081  0.148861  0.150907  0.163569  0.168883
      6.2 0.0178955 0.0230998 0.0298674 0.0307009  0.043943 0.0523745 0.0690555  0.086062  0.108998  0.123866  0.126232  0.135505  0.150091  0.152312  0.161598  0.162346
      6.3 0.0250913  0.026222 0.0334413 0.0350402 0.0360651 0.0532177 0.0742988 0.0924529 0.0981635  0.124275  0.131309  0.132691  0.151198  0.153575  0.156168  0.160164
      6.4 0.0226974 0.0271209 0.0275619 0.0369221 0.0501853 0.0589421 0.0807354  0.086996   0.10028  0.122369  0.127475   0.15029  0.150527  0.152229  0.154801  0.159217
      6.5 0.0200482 0.0215067 0.0291842 0.0403326 0.0604894 0.0649056 0.0761552 0.0890829  0.110412  0.120346  0.123984  0.132433  0.144867  0.153215  0.155879  0.158596
      6.6 0.0170381  0.018205 0.0312898 0.0437073  0.066116 0.0683886 0.0702418  0.100722   0.11522   0.11799  0.120817  0.124503  0.139723  0.154231   0.15526  0.157044
      6.7 0.0144815 0.0170908 0.0334565 0.0470897 0.0571386 0.0747233 0.0749099 0.0992011  0.115045  0.117952  0.118679  0.134902  0.146159  0.146979  0.152372  0.155412
      6.8 0.0140328 0.0166078 0.0357124 0.0493093 0.0505323 0.0790211 0.0799949 0.0846764  0.111237  0.115364  0.130394   0.13654  0.149944  0.151019  0.156862  0.157502
      6.9 0.0153233 0.0166396 0.0380958 0.0426027 0.0540992 0.0717266 0.0826949 0.0845181  0.106337  0.113024  0.126187  0.127771  0.147973  0.151524  0.158318  0.159009
        7  0.017067 0.0176398  0.036935 0.0406585 0.0578716 0.0603025 0.0860318 0.0885009  0.100243  0.110892  0.120255   0.12227  0.146167  0.146437  0.154805  0.160612
      7.1 0.0177846 0.0204307 0.0322011 0.0434717 0.0502931  0.061956 0.0891129 0.0920884 0.0930408  0.108921  0.113622  0.118631  0.141074  0.145325  0.150985  0.164034
      7.2 0.0187102 0.0234023 0.0282948 0.0415723 0.0466363 0.0664989  0.078461 0.0850238 0.0859978 0.0920043 0.0953867  0.107042  0.107622  0.115257  0.136239  0.144626
      7.3 0.0197863 0.0251184 0.0264223  0.034029 0.0345854 0.0396912 0.0503003 0.0717119   0.07662 0.0947613  0.098478   0.10209  0.105169  0.112136  0.131656  0.142865
      7.4 0.0120197 0.0209762 0.0225859 0.0262828 0.0275899 0.0294395 0.0546925 0.0682816 0.0779174 0.0969185 0.0974336   0.10143  0.103185  0.109254  0.127319  0.128384
      7.5 0.0142719 0.0206211 0.0222443 0.0222597 0.0253168 0.0324442 0.0601869 0.0603836 0.0856382 0.0920352  0.100069  0.100948  0.104304  0.106596  0.113868  0.123221
      7.6 0.0180723 0.0191554 0.0235181 0.0236294 0.0287837 0.0354483 0.0531755  0.067442 0.0873909  0.095788 0.0982906 0.0999174  0.102715  0.104147  0.107157  0.119355
      7.7 0.0152551 0.0181243 0.0250883 0.0312037 0.0329797  0.038478 0.0467818 0.0777333 0.0829513 0.0869109 0.0950386  0.101885  0.105429  0.110052  0.110126  0.115714
      7.8 0.0139808 0.0174666 0.0266483 0.0369459 0.0374049 0.0412312 0.0415706 0.0750379 0.0786927 0.0910457 0.0938818 0.0997877  0.108278  0.112289  0.113061  0.132515
      7.9 0.0142061 0.0171238 0.0283307 0.0364908 0.0405273 0.0425401 0.0447749 0.0643516 0.0745983 0.0862377 0.0978238  0.109073   0.11135  0.116275  0.123459  0.129629
        8 0.0155637 0.0170425 0.0301675  0.032495 0.0437557 0.0469162 0.0481539 0.0548237 0.0706565 0.0806544 0.0959547  0.106056  0.114773  0.119821  0.125514  0.133266
      8.1 0.0171755 0.0176013 0.0291643 0.0322048 0.0463851  0.046697  0.050744  0.051791 0.0668588 0.0744648   0.09413   0.10323  0.118734  0.121589  0.123882  0.133049
      8.2 0.0174839 0.0199919 0.0264176 0.0345087 0.0389554  0.049415 0.0541707 0.0557992 0.0631986 0.0679391 0.0922848  0.100585  0.117849  0.123538  0.128755   0.13119
      8.3 0.0179375 0.0225516 0.0241774 0.0324633 0.0371759 0.0519647 0.0573029 0.0596688 0.0603384 0.0613876 0.0736151 0.0903373 0.0981106 0.0984866   0.11429  0.124235
      8.4 0.0185143 0.0223728 0.0251905 0.0268628 0.0403523 0.0406164 0.0510668 0.0543927 0.0550936 0.0562584 0.0602216 0.0656444 0.0881886 0.0957943  0.110907  0.111898
      8.5    0.0192 0.0209407 0.0221493 0.0252252 0.0274324 0.0278716 0.0442681 0.0492689 0.0529452 0.0567397 0.0629911 0.0720841 0.0857269 0.0936226 0.0997054  0.107695
      8.6 0.0155689 0.0183777 0.0184748 0.0198249 0.0199877 0.0305883 0.0440399 0.0493085 0.0496802 0.0590427 0.0656659 0.0802644 0.0828388 0.0880501 0.0915791  0.104648
      8.7 0.0132055 0.0156682 0.0169817 0.0189767 0.0208767 0.0333526 0.0394573 0.0463527 0.0561675 0.0613378  0.068295 0.0771761 0.0794298  0.089644   0.09127  0.101762
      8.8 0.0141618 0.0165021 0.0181647 0.0183543 0.0218733 0.0355157 0.0361896 0.0427206 0.0636631 0.0662277 0.0672038 0.0709271 0.0754514 0.0877926 0.0990288  0.107244
      8.9 0.0138897 0.0179223 0.0202921 0.0208868 0.0229902 0.0321748 0.0383257 0.0391369  0.058167 0.0660614 0.0709276 0.0736137 0.0826541 0.0859938 0.0964425  0.113824
        9 0.0146666 0.0176513 0.0226181 0.0242486 0.0250235 0.0293753 0.0327414 0.0422452  0.050046 0.0659663 0.0685853  0.076415 0.0789565 0.0842085 0.0939957  0.110537
      9.1  0.016174 0.0175179 0.0248942 0.0256801 0.0270024 0.0270505 0.0287264  0.042795 0.0455826 0.0607479 0.0654237 0.0713037 0.0794068  0.082388 0.0857682 0.0916804
      9.2 0.0175035 0.0181226 0.0238347 0.0251339 0.0270552 0.0273308 0.0320368 0.0363607 0.0492416 0.0554902 0.0720954 0.0743126 0.0804726 0.0826548 0.0826916 0.0894877
      9.3 0.0175945 0.0203196 0.0233519 0.0235629 0.0290981 0.0292684 0.0306969 0.0350305 0.0504051 0.0533512 0.0777549 0.0783927 0.0789834  0.084657 0.0864182 0.0874075
      9.4 0.0177817 0.0222814 0.0226564 0.0237443 0.0257766 0.0310403 0.0315937 0.0377789 0.0456634 0.0580983 0.0603326 0.0760721  0.081857 0.0844136 0.0854286 0.0874341
      9.5 0.0180594 0.0212403 0.0216038 0.0242144 0.0250798 0.0329051  0.034463 0.0373839 0.0403431 0.0413778 0.0517414 0.0637657 0.0734359 0.0835356 0.0870048 0.0885615
      9.6 0.0182255 0.0184262 0.0203982 0.0246865 0.0254801 0.0275698 0.0315001 0.0347169 0.0376025 0.0381288 0.0427753 0.0704242 0.0708039 0.0785651 0.0817131 0.0920446
      9.7 0.0157345 0.0188842 0.0190334 0.0197205 0.0197212 0.0252406 0.0301281 0.0343443 0.0365003 0.0430265 0.0451211 0.0670086 0.0692636 0.0799402 0.0799802 0.0912323
      9.8 0.0137674 0.0142397 0.0158928 0.0191792 0.0194398 0.0259486 0.0315767 0.0327711 0.0382804 0.0474224 0.0499679 0.0607054 0.0632095 0.0781916 0.0889519 0.0927119
      9.9 0.0127331 0.0137828 0.0148778 0.0187519 0.0201038 0.0268499 0.0292534 0.0355281 0.0400844 0.0497207 0.0529106 0.0591041 0.0606416 0.0764367 0.0867747 0.0976957
