0 1 1 1 1 1 1 1 1 1 1 1 1 1 1 1 1 1 1 1 1 1 1 1 1 1 1 1 1 1 1 1 1 1 1 1 1 1 1 1 1 1 1 1 1 1 1 1 1 1 1 1 1 1 1 1 1 1 1 1 1 1 1 1 1
     0.1 0.813862 0.982122 0.982703 0.996056 0.996058 0.997813 0.997813 0.998457 0.998457 0.998807 0.998807 0.999032 0.999032 0.999191 0.999191 0.999309 0.999309 0.999402 0.999402 0.999477 0.999477 0.999539 0.999539 0.999591 0.999591 0.999636 0.999636 0.999675 0.999675 0.999708 0.999708 0.999738 0.999738 0.999764 0.999764 0.999787 0.999787 0.999807 0.999807 0.999824 0.999824 0.999838 0.999838 0.999849 0.999849 0.999857 0.999857 0.999862 0.999862 0.999863  1.00014  1.00014  1.00014  1.00014  1.00014  1.00015  1.00015  1.00016  1.00016  1.00018  1.00018  1.00019  1.00019  1.00021
     0.2  0.76537 0.944792 0.947064  0.98397    0.984 0.991247 0.991248 0.993834 0.993834 0.995235 0.995235 0.996133 0.996133 0.996766 0.996766 0.997239 0.997239 0.997609 0.997609 0.997908 0.997908 0.998156 0.998156 0.998364 0.998364 0.998543 0.998543 0.998698 0.998698 0.998834 0.998834 0.998953 0.998953 0.999058 0.999058 0.999149 0.999149 0.999229 0.999229 0.999297 0.999297 0.999353 0.999353 0.999398 0.999398  0.99943  0.99943 0.999449 0.999449 0.999456  1.00054  1.00055  1.00055  1.00057  1.00057   1.0006   1.0006  1.00065  1.00065   1.0007   1.0007  1.00077  1.00077  1.00085
     0.3 0.688556 0.898516 0.903432 0.963451 0.963601 0.980286 0.980287 0.986153 0.986153 0.989301 0.989301 0.991316 0.991316 0.992735 0.992735 0.993797 0.993797 0.994628 0.994628 0.995298 0.995298 0.995854 0.995854 0.996323 0.996323 0.996725 0.996725 0.997073 0.997073 0.997378 0.997378 0.997646 0.997646 0.997881 0.997881 0.998087 0.998087 0.998266 0.998266 0.998419 0.998419 0.998546 0.998546 0.998646 0.998646 0.998718 0.998718 0.998762 0.998762 0.998777  1.00122  1.00124  1.00124  1.00128  1.00128  1.00136  1.00136  1.00146  1.00146  1.00158  1.00158  1.00174  1.00174  1.00192
     0.4 0.592607  0.84997 0.858236 0.934618 0.935082 0.964898 0.964903 0.975447 0.975447 0.981033 0.981033 0.984601 0.984601 0.987113 0.987113 0.988994 0.988994 0.990466 0.990466 0.991655 0.991655 0.992639 0.992639 0.993471 0.993471 0.994184 0.994184 0.994802 0.994802 0.995343 0.995343 0.995818 0.995818 0.996236 0.996236 0.996602 0.996602  0.99692  0.99692 0.997191 0.997191 0.997416 0.997416 0.997594 0.997594 0.997722 0.997722 0.997801 0.997801 0.997827  1.00218   1.0022   1.0022  1.00228  1.00228  1.00241  1.00241  1.00259  1.00259  1.00282  1.00282  1.00309  1.00309  1.00341
     0.5 0.491427 0.803933 0.815953 0.898182 0.899277 0.945046 0.945068 0.961763 0.961763 0.970472 0.970472 0.976019 0.976019 0.979924 0.979924 0.982848 0.982848 0.985137 0.985137 0.986987 0.986987  0.98852  0.98852 0.989815 0.989815 0.990926 0.990926 0.991889 0.991889 0.992732 0.992732 0.993472 0.993472 0.994124 0.994124 0.994695 0.994695 0.995191 0.995191 0.995615 0.995615 0.995966 0.995966 0.996243 0.996243 0.996444 0.996444 0.996566 0.996566 0.996606  1.00341  1.00345  1.00345  1.00357  1.00357  1.00377  1.00377  1.00405  1.00405  1.00441  1.00441  1.00483  1.00483  1.00534
     0.6 0.402813 0.763575 0.779458 0.855467 0.857642 0.920721 0.920786  0.94516 0.945161  0.95767  0.95767 0.965609 0.965609 0.971195 0.971195 0.975381 0.975381 0.978658 0.978658 0.981308 0.981308 0.983506 0.983506 0.985363 0.985363 0.986956 0.986956 0.988339 0.988339 0.989549 0.989549 0.990612 0.990612 0.991548 0.991548 0.992369 0.992369 0.993082 0.993082 0.993691 0.993691 0.994196 0.994196 0.994594 0.994594 0.994883 0.994883 0.995058 0.995058 0.995117  1.00491  1.00497  1.00497  1.00514  1.00514  1.00544  1.00544  1.00584  1.00584  1.00635  1.00635  1.00697  1.00697  1.00769
     0.7 0.343233 0.730627 0.750247 0.808315 0.812133 0.891985 0.892142 0.925708  0.92571 0.942691 0.942692 0.953418 0.953418 0.960961 0.960961 0.966617 0.966617 0.971048 0.971048 0.974634 0.974634 0.977609 0.977609 0.980125 0.980125 0.982284 0.982284 0.984158 0.984158 0.985799 0.985799 0.987242 0.987242 0.988512 0.988512 0.989626 0.989626 0.990594 0.990594 0.991421 0.991421 0.992107 0.992107 0.992649 0.992649 0.993041 0.993041 0.993279 0.993279 0.993359  1.00669  1.00677  1.00677  1.00701  1.00701  1.00741  1.00741  1.00796  1.00796  1.00866  1.00866   1.0095   1.0095  1.01049
     0.8 0.317909 0.705526 0.728612 0.758885 0.764981 0.859025 0.859361 0.903488 0.903496 0.925614 0.925614 0.939502 0.939502 0.949266 0.949266  0.95659  0.95659 0.962333 0.962333 0.966984 0.966984 0.970845 0.970845 0.974112 0.974112 0.976917 0.976917 0.979355 0.979355 0.981489 0.981489 0.983366 0.983366  0.98502  0.98502  0.98647  0.98647 0.987732 0.987732 0.988809 0.988809 0.989703 0.989703 0.990409 0.990409  0.99092  0.99092 0.991231 0.991231 0.991335  1.00874  1.00885  1.00885  1.00916  1.00916  1.00969  1.00969  1.01041  1.01041  1.01132  1.01132  1.01243  1.01243  1.01372
     0.9 0.317425 0.687326 0.709393 0.713547 0.718418 0.822206 0.822857 0.878599 0.878618 0.906525 0.906525 0.923929 0.923929 0.936156 0.936156 0.945335 0.945335 0.952539 0.952539 0.958378 0.958378 0.963229 0.963229 0.967337 0.967337 0.970868 0.970868 0.973936 0.973936 0.976624 0.976624 0.978991 0.978991 0.981075 0.981075 0.982905 0.982905 0.984496 0.984496 0.985856 0.985856 0.986984 0.986984 0.987875 0.987875 0.988521 0.988521 0.988913 0.988913 0.989045  1.01108  1.01121  1.01121  1.01161  1.01161  1.01228  1.01228  1.01319  1.01319  1.01435  1.01435  1.01576  1.01576   1.0174
       1 0.328051 0.661863 0.673044 0.674421 0.702052 0.782105 0.783268 0.851162 0.851205 0.885526 0.885527 0.906774 0.906774 0.921689 0.921689 0.932895 0.932895 0.941699 0.941699 0.948843 0.948843 0.954783 0.954783 0.959817 0.959817 0.964147 0.964147 0.967913 0.967913 0.971214 0.971214 0.974121 0.974121 0.976684 0.976684 0.978934 0.978934 0.980892 0.980892 0.982565 0.982565 0.983954 0.983954 0.985051 0.985051 0.985847 0.985847  0.98633  0.98633 0.986492  1.01369  1.01386  1.01386  1.01436  1.01436  1.01518  1.01518  1.01631  1.01631  1.01775  1.01775  1.01949  1.01949  1.02153
     1.1 0.340813 0.617936 0.634531  0.65617 0.687514 0.739518 0.741455 0.821327 0.821416 0.862729 0.862731 0.888122 0.888122 0.905926 0.905926 0.919316 0.919316 0.929848 0.929848 0.938404 0.938404 0.945526 0.945526 0.951568 0.951568 0.956769 0.956769 0.961296 0.961296 0.965267 0.965267 0.968766 0.968766 0.971852 0.971852 0.974563 0.974563 0.976922 0.976922  0.97894  0.97894 0.980615 0.980615 0.981939 0.981939 0.982899 0.982899 0.983481 0.983481 0.983677  1.01659   1.0168   1.0168   1.0174   1.0174   1.0184   1.0184  1.01977  1.01977  1.02152  1.02152  1.02364  1.02364  1.02612
     1.2 0.351855 0.578781 0.599793 0.625479 0.658188 0.695421 0.698461 0.789292 0.789461 0.838259 0.838264 0.868066 0.868066 0.888937 0.888937  0.90465  0.90465 0.917026 0.917026 0.927094 0.927094 0.935484 0.935484  0.94261  0.94261 0.948749 0.948749 0.954097 0.954097 0.958792 0.958792 0.962932 0.962932 0.966585 0.966585 0.969796 0.969796 0.972592 0.972592 0.974983 0.974983  0.97697  0.97697  0.97854  0.97854 0.979679 0.979679  0.98037  0.98037 0.980602  1.01978  1.02002  1.02002  1.02074  1.02074  1.02193  1.02193  1.02358  1.02358  1.02567  1.02567   1.0282   1.0282  1.03117
     1.3 0.360076 0.545108 0.568994 0.570784  0.60098 0.650901 0.655428  0.75531 0.755616 0.812252 0.812262 0.846711 0.846711 0.870798 0.870798 0.888953 0.888953 0.903276 0.903276 0.914945 0.914945 0.924683 0.924683 0.932962 0.932962 0.940104 0.940104  0.94633  0.94633 0.951801 0.951801 0.956628 0.956628  0.96089  0.96089 0.964639 0.964639 0.967905 0.967905   0.9707   0.9707 0.973022 0.973022 0.974859 0.974859 0.976191 0.976191    0.977    0.977 0.977271  1.02326  1.02354  1.02354  1.02439  1.02439   1.0258   1.0258  1.02773  1.02773   1.0302   1.0302  1.03318  1.03318  1.03668
     1.4 0.365498 0.485063 0.513327 0.517242 0.547721  0.60706 0.613497 0.719705 0.720227 0.784854 0.784876 0.824167 0.824168 0.851592 0.851592 0.872288 0.872288 0.888645 0.888645 0.901994 0.901994  0.91315  0.91315 0.922649 0.922649  0.93085  0.93085 0.938009 0.938009 0.944304 0.944304 0.949864 0.949864 0.954776 0.954776 0.959099 0.959099 0.962867 0.962867 0.966094 0.966094 0.968776 0.968776 0.970897 0.970897 0.972436 0.972436 0.973371 0.973371 0.973685  1.02703  1.02736  1.02736  1.02835  1.02835  1.02998  1.02998  1.03224  1.03224  1.03511  1.03511  1.03859  1.03859  1.04267
     1.5 0.368508 0.386368 0.408182 0.495223 0.530565 0.564911 0.573698 0.682875 0.683723 0.756228 0.756269 0.800554 0.800555 0.831408 0.831408 0.854722 0.854722 0.873185 0.873185  0.88828  0.88828 0.900918 0.900918 0.911693 0.911693 0.921009 0.921009  0.92915  0.92915 0.936315 0.936315 0.942649 0.942649 0.948249 0.948249 0.953182 0.953182 0.957484 0.957484  0.96117  0.96117 0.964234 0.964234 0.966659 0.966659 0.968419 0.968419 0.969489 0.969489 0.969847  1.03109  1.03147  1.03147  1.03261  1.03261   1.0345   1.0345   1.0371   1.0371  1.04042  1.04042  1.04443  1.04443  1.04915
     1.6 0.289816 0.303574 0.369552 0.478882 0.519103   0.5253 0.536864 0.645289  0.64661 0.726547 0.726622 0.775997    0.776  0.81034  0.81034 0.836326 0.836326  0.85695  0.85695 0.873847 0.873847  0.88802  0.88802 0.900122 0.900122 0.910601 0.910601 0.919769 0.919769 0.927848 0.927848 0.934995 0.934995  0.94132  0.94132 0.946896 0.946896 0.951761 0.951761 0.955932 0.955932 0.959402 0.959402 0.962149 0.962149 0.964143 0.964143 0.965354 0.965354 0.965761  1.03545  1.03589  1.03589   1.0372   1.0372  1.03935  1.03935  1.04233  1.04233  1.04612  1.04612  1.05071  1.05071  1.05612
     1.7 0.206697 0.211867 0.369039 0.467856 0.488855 0.503593 0.512952 0.607473 0.609448 0.696003 0.696132 0.750628 0.750633 0.788488 0.788488 0.817175 0.817175 0.839997 0.839997 0.858738 0.858738  0.87449  0.87449 0.887964 0.887964 0.899649 0.899649 0.909885 0.909885 0.918915 0.918915 0.926913 0.926913 0.933998 0.933998 0.940248 0.940248 0.945706 0.945706 0.950387 0.950387 0.954283 0.954283 0.957369 0.957369  0.95961  0.95961 0.960972 0.960972 0.961429  1.04012  1.04062  1.04062   1.0421   1.0421  1.04454  1.04454  1.04792  1.04792  1.05223  1.05223  1.05745  1.05745   1.0636
     1.8 0.137452 0.141106 0.367311 0.455978 0.461472 0.474241  0.51143 0.569978 0.572827 0.664801 0.665016 0.724583 0.724592 0.765956 0.765956 0.797349 0.797349 0.822389 0.822389 0.843003 0.843003 0.860366 0.860366 0.875248 0.875248 0.888175 0.888175 0.899516 0.899516 0.909534 0.909534 0.918416 0.918416 0.926292 0.926292 0.933246 0.933246 0.939323 0.939323 0.944539 0.944539 0.948883 0.948883 0.952325 0.952325 0.954825 0.954825 0.956345 0.956345 0.956855  1.04509  1.04565  1.04565  1.04732  1.04732  1.05007  1.05007  1.05389  1.05389  1.05875  1.05875  1.06464  1.06464  1.07158
      1.9 0.0798486 0.0933908  0.364645  0.426867  0.448957  0.458425  0.513193  0.533352  0.537326  0.633168  0.633512     0.698  0.698017  0.742852  0.742853  0.776931  0.776931  0.804188  0.804188  0.826689  0.826689  0.845689  0.845689  0.862007  0.862007  0.876206  0.876206  0.888683  0.888683   0.89972   0.89972  0.909517  0.909517  0.918214  0.918214    0.9259    0.9259  0.932622  0.932622  0.938396  0.938396  0.943206  0.943206   0.94702   0.94702  0.949792  0.949792  0.951477  0.951477  0.952043   1.05038     1.051     1.051   1.05287   1.05287   1.05596   1.05596   1.06023   1.06023   1.06568   1.06568   1.07229   1.07229   1.08009
        2 0.0384714 0.0642599  0.361262  0.401562  0.427726   0.45612    0.4981  0.503476  0.515494  0.601345  0.601877  0.671019  0.671049  0.719286  0.719287  0.756007  0.756007  0.785463  0.785463  0.809852  0.809852  0.830498  0.830498  0.848272  0.848272  0.863768  0.863768  0.877407  0.877407   0.88949   0.88949   0.90023   0.90023  0.909775  0.909775  0.918218  0.918218  0.925609  0.925609  0.931962  0.931962  0.937259  0.937259   0.94146   0.94146  0.944514  0.944514  0.946372  0.946372  0.946995   1.05597   1.05667   1.05667   1.05875   1.05875    1.0622    1.0622   1.06697   1.06697   1.07304   1.07304   1.08042   1.08042   1.08913
      2.1 0.0248876 0.0554208  0.357342  0.379986   0.41043  0.449745  0.464654  0.471726  0.513098  0.569587  0.570385  0.643781  0.643832  0.695368   0.69537  0.734663  0.734663  0.766281  0.766281  0.792543  0.792543  0.814839  0.814839  0.834079  0.834079  0.850888  0.850888  0.865711  0.865711  0.878863  0.878863   0.89057   0.89057  0.900986  0.900986   0.91021   0.91021  0.918292  0.918292  0.925245  0.925245  0.931046  0.931046  0.935649  0.935649  0.938997  0.938997  0.941034  0.941034  0.941718   1.06189   1.06267   1.06267   1.06498   1.06498   1.06879   1.06879   1.07409   1.07409   1.08084   1.08084   1.08903   1.08903   1.09872
      2.2 0.0422895  0.061896  0.353031  0.361993   0.39689  0.432092  0.433349  0.442419  0.497879  0.538159  0.539322  0.616426  0.616509  0.671208  0.671212  0.712988  0.712988  0.746713  0.746713  0.774821  0.774821  0.798755  0.798755  0.819463  0.819463  0.837596  0.837596  0.853618  0.853618  0.867858  0.867858  0.880551  0.880551   0.89186   0.89186  0.901886  0.901886  0.910681  0.910681  0.918252  0.918252  0.924573  0.924573  0.929592  0.929592  0.933245  0.933245  0.935467  0.935467  0.936213   1.06814   1.06899   1.06899   1.07154   1.07154   1.07576   1.07576   1.08161   1.08161   1.08907   1.08907   1.09814   1.09814   1.10887
      2.3 0.0625451  0.074024  0.347397  0.348457  0.386895  0.396582   0.40442  0.415787  0.461876  0.507325  0.508973  0.589092  0.589225  0.646914  0.646921  0.691072  0.691072  0.726831  0.726831  0.756741  0.756741  0.782293  0.782293  0.804462  0.804462  0.823922  0.823922  0.841152  0.841152  0.856493  0.856493  0.870191  0.870191  0.882411  0.882411  0.893258  0.893258  0.902782  0.902782   0.91099   0.91099  0.917847  0.917847  0.923296  0.923296  0.927262  0.927262  0.929676  0.929676  0.930487   1.07471   1.07565   1.07565   1.07846   1.07846    1.0831    1.0831   1.08954   1.08954   1.09776   1.09776   1.10776   1.10776   1.11959
      2.4 0.0801661 0.0867371  0.335988   0.34345  0.343733  0.378001  0.380225  0.391953  0.404342  0.477341  0.479618  0.561916   0.56212  0.622593  0.622604  0.669002  0.669003  0.706707  0.706707  0.738362  0.738362  0.765499  0.765499  0.789114  0.789114  0.809896  0.809896  0.828338  0.828338   0.84479   0.84479  0.859505  0.859505  0.872652  0.872652  0.884336  0.884336  0.894607  0.894607  0.903466  0.903466  0.910875  0.910875  0.916765  0.916765  0.921054  0.921054  0.923666  0.923666  0.924544   1.08162   1.08265   1.08265   1.08573   1.08573   1.09082   1.09082   1.09789   1.09789   1.10691   1.10691   1.11789   1.11789    1.1309
      2.5 0.0951008 0.0985108  0.281387  0.327527   0.33446  0.338973  0.354136  0.370949  0.376634  0.448443  0.451514  0.535029  0.535336  0.598342  0.598362  0.646865  0.646866  0.686412  0.686412  0.719744  0.719744  0.748422  0.748422  0.773458  0.773458  0.795551  0.795551  0.815202  0.815202   0.83277   0.83277  0.848511  0.848511  0.862596  0.862596  0.875132  0.875132  0.886164  0.886164   0.89569   0.89569  0.903662  0.903662  0.910005  0.910005  0.914627  0.914627  0.917442  0.917442  0.918388   1.08887      1.09      1.09   1.09336   1.09336   1.09892   1.09892   1.10665   1.10665   1.11652   1.11652   1.12855   1.12855   1.14281
     2.6 0.107809 0.109049  0.22092 0.264463 0.321711 0.332805 0.334306 0.352734 0.375809 0.420838 0.424887  0.50856 0.509011 0.574259  0.57429 0.624743 0.624745 0.666017 0.666017 0.700945 0.700945 0.731111 0.731111 0.757534 0.757534 0.780919 0.780919 0.801772 0.801772 0.820455 0.820455 0.837226 0.837226 0.852259 0.852259 0.865657 0.865657 0.877464 0.877464 0.887669 0.887669 0.896217 0.896217 0.903023 0.903023 0.907985 0.907985 0.911008 0.911008 0.912024  1.09647   1.0977   1.0977  1.10136  1.10136  1.10742  1.10742  1.11585  1.11585  1.12662  1.12662  1.13975  1.13975  1.15533
     2.7 0.118417 0.118738 0.168352  0.20233 0.313933 0.318094 0.329897 0.337215 0.377271 0.394695 0.399925 0.482633 0.483279 0.550431  0.55048 0.602718  0.60272 0.645592 0.645592 0.682024 0.682024 0.713614 0.713614 0.741382 0.741382 0.766034 0.766034 0.788074 0.788074 0.807867 0.807867  0.82567  0.82567 0.841656 0.841656 0.855925 0.855925 0.868516 0.868516 0.879411 0.879411 0.888546 0.888546 0.895825 0.895825 0.901135 0.901135 0.904371 0.904371 0.905459  1.10442  1.10575  1.10575  1.10973  1.10973  1.11633  1.11633  1.12549  1.12549  1.13721  1.13721   1.1515   1.1515  1.16848
     2.8 0.125379 0.126777 0.128257 0.150696 0.297414 0.315934 0.324267  0.32599 0.370142 0.376767 0.380186 0.457363 0.458271 0.526938 0.527014 0.580862 0.580867 0.625204 0.625204 0.663039 0.663039 0.695981 0.695981 0.725044 0.725044 0.750929 0.750929 0.774137 0.774137 0.795029 0.795029 0.813861 0.813861 0.830802 0.830802 0.845949 0.845949 0.859332 0.859332 0.870926 0.870926 0.880657 0.880657 0.888417 0.888417 0.894081 0.894081 0.897535 0.897535 0.898696  1.11274  1.11418  1.11418  1.11849  1.11849  1.12564  1.12564  1.13558  1.13558  1.14829  1.14829  1.16382  1.16382  1.18227
      2.9 0.0912487  0.109052    0.1343  0.136664  0.283126  0.313751  0.313958  0.322991  0.347266  0.355509  0.383069  0.432861  0.434109  0.503855  0.503969  0.559247  0.559254  0.604917  0.604917  0.644045  0.644045  0.678258  0.678258   0.70856   0.70856  0.735639  0.735639  0.759989  0.759989  0.781965  0.781965  0.801819  0.801819  0.819714  0.819714   0.83574   0.83574  0.849922  0.849922  0.862223  0.862223  0.872559  0.872559  0.880807  0.880807  0.886832  0.886832  0.890507  0.890507  0.891743   1.12141   1.12297   1.12297   1.12764   1.12764   1.13537   1.13537   1.14612   1.14612   1.15989   1.15989   1.17672   1.17672   1.19673
        3 0.0645324 0.0757909  0.141146  0.144195  0.270939  0.305525  0.310081  0.321655   0.32611  0.336199  0.383415  0.409226  0.410908  0.481248  0.481416  0.537935  0.537946  0.584791  0.584792  0.625098  0.625098  0.660495  0.660495   0.69197   0.69197  0.720198  0.720198  0.745658  0.745658  0.768699  0.768699  0.789563  0.789563  0.808407  0.808407  0.825314  0.825314  0.840298  0.840298  0.853312  0.853312  0.864258  0.864258  0.873002  0.873002  0.879392  0.879392  0.883292  0.883292  0.884604   1.13047   1.13215   1.13215   1.13718   1.13718   1.14552   1.14552   1.15714   1.15714   1.17201   1.17201   1.19021   1.19021   1.21187
      3.1  0.044038 0.0492652  0.147459  0.151048  0.260721  0.299448  0.301364  0.306682  0.318848   0.32355  0.377567  0.386545  0.388771  0.459175  0.459419  0.516982     0.517  0.564883  0.564884  0.606249  0.606249  0.642736  0.642736  0.675315  0.675315  0.704639  0.704639  0.731174  0.731174  0.755255  0.755255  0.777114  0.777114    0.7969    0.7969  0.814684  0.814684  0.830471  0.830471  0.844202  0.844202  0.855764  0.855764  0.865008  0.865008  0.871769  0.871769  0.875897  0.875897  0.877286    1.1399   1.14171   1.14171   1.14713   1.14713   1.15611   1.15611   1.16863   1.16863   1.18467   1.18467    1.2043    1.2043    1.2277
      3.2 0.0283153 0.0294047  0.153367  0.157386  0.252342  0.284759   0.28896  0.295386  0.303429  0.332363  0.361512  0.364895  0.367789  0.437688  0.438035  0.496438  0.496466  0.545245  0.545246  0.587548  0.587548  0.625028  0.625028  0.658634  0.658634  0.688998  0.688998  0.716565  0.716565  0.741657  0.741657  0.764492  0.764492  0.785207  0.785207  0.803864  0.803864  0.820453  0.820453  0.834903  0.834903  0.847085  0.847085  0.856833  0.856833  0.863969  0.863969  0.868328  0.868328  0.869795   1.14972   1.15167   1.15167   1.15749   1.15749   1.16715   1.16715   1.18061   1.18061   1.19788   1.19788   1.21902   1.21902   1.24424
      3.3 0.0135336 0.0217552   0.15899  0.163355  0.245668  0.258923  0.272898  0.289892    0.2932  0.333073  0.344334  0.348037  0.358157  0.416834  0.417317  0.476346  0.476388  0.525922  0.525925  0.569041  0.569041  0.607412  0.607412  0.641965  0.641965  0.673307  0.673307  0.701861  0.701861  0.727929  0.727929  0.751717  0.751717  0.773348  0.773348  0.792869  0.792869  0.810257  0.810257  0.825425  0.825425  0.838229  0.838229  0.848486  0.848486  0.855999  0.855999  0.860591  0.860591  0.862137   1.15993   1.16202   1.16202   1.16827   1.16827   1.17864   1.17864   1.19309   1.19309   1.21164   1.21164   1.23438   1.23438   1.26152
      3.4 0.0127368  0.022111  0.164445  0.169092  0.225773  0.240548  0.258433  0.278169   0.29273  0.294068  0.324909  0.329573  0.396651  0.397315  0.432801  0.456742  0.456803  0.506957  0.506961  0.550771  0.550771  0.589929  0.589929  0.625346  0.625346  0.657599  0.657599  0.687089  0.687089  0.714097  0.714097  0.738811  0.738811  0.761339  0.761339  0.781713  0.781713  0.799895  0.799895   0.81578   0.81578  0.829206  0.829206  0.839974  0.839974  0.847867  0.847867  0.852693  0.852693  0.854319   1.17055   1.17279   1.17279   1.17948   1.17948   1.19059   1.19059   1.20608   1.20608   1.22598   1.22598   1.25039   1.25039   1.27955
      3.5 0.0222368 0.0273352  0.169855  0.174733  0.189696  0.236788  0.245491  0.249759  0.268177  0.293764  0.306647  0.312438  0.377175   0.37807  0.437654  0.437743  0.488386  0.488392  0.532776  0.532776  0.572617  0.572617  0.608811  0.608811  0.632668  0.641906  0.641906  0.672278  0.672278  0.700185  0.700185  0.725795  0.725795  0.749199  0.749199  0.770412  0.770412  0.789379  0.789379  0.805977  0.805977  0.820026  0.820026  0.831304  0.831304  0.839579  0.839579  0.844642  0.844642  0.846347   1.18158   1.18397   1.18397   1.19113   1.19113   1.20301   1.20301    1.2196    1.2196   1.24091   1.24091   1.26707   1.26707   1.29834
      3.6 0.0321443 0.0339126  0.155006  0.175357  0.180426  0.205814  0.233994  0.234106   0.25983  0.289563  0.295971  0.296655  0.358435  0.359625  0.419106  0.419234  0.470238  0.470248  0.515092  0.515092  0.555513  0.555513  0.565807  0.592394  0.592394   0.62626   0.62626  0.657455  0.657455  0.686216  0.686216  0.712688  0.712688  0.736944  0.736944   0.75898   0.75898  0.778722  0.778722  0.796028  0.796028  0.810696  0.810696  0.822486  0.822486  0.831143  0.831143  0.836443  0.836443  0.838228   1.19303   1.19558   1.19558   1.20322   1.20322   1.21592   1.21592   1.23364   1.23364   1.25643   1.25643   1.28443   1.28443   1.31793
      3.7 0.0404804 0.0411157  0.124264  0.165939  0.181118  0.186345  0.223862  0.232068  0.253041  0.273655  0.282231  0.298812  0.340457  0.342013  0.391891  0.401116  0.401297  0.452538  0.452553  0.497749   0.49775  0.538647  0.538647  0.576129  0.576129   0.61069   0.61069  0.642648  0.642648  0.672214  0.672214  0.699512  0.699512  0.724593  0.724593  0.747432  0.747432  0.767937  0.767937  0.785943  0.785943  0.801228  0.801228  0.813527  0.813527  0.822567  0.822567  0.828104  0.828104   0.82997   1.20491   1.20763   1.20763   1.21578   1.21578   1.22932   1.22932   1.24823   1.24823   1.27257   1.27257   1.30249   1.30249   1.33832
      3.8 0.0466687 0.0491289 0.0982884  0.131603   0.18736  0.192715  0.215014  0.229987  0.247725   0.25891  0.269157  0.301398  0.322845   0.32326  0.325269  0.383696  0.383948  0.435307  0.435329  0.480773  0.480775  0.522051  0.522051  0.560043  0.560043  0.595224  0.595224  0.627883  0.627883  0.658204  0.658204  0.686288  0.686288  0.712163  0.712163  0.735785  0.735785  0.757037  0.757037  0.775734  0.775734  0.791629  0.791629  0.804436  0.804436  0.813857  0.813857  0.819632  0.819632  0.821578   1.21722   1.22011   1.22011   1.22879   1.22879   1.24322   1.24322   1.26338   1.26338   1.28934   1.28934   1.32127   1.32127   1.35954
      3.9 0.0524173 0.0563204 0.0768749  0.102831  0.194393  0.199848  0.207375  0.226837  0.243799  0.245303  0.257413  0.290374  0.302354   0.30686  0.309418  0.366857  0.367203  0.418558   0.41859  0.464188   0.46419  0.505751  0.505751  0.544166  0.544166  0.579889  0.579889  0.613184  0.613184  0.644207  0.644207  0.673035  0.673035  0.699672  0.699672  0.724052  0.724052  0.746035  0.746035  0.765412  0.765412  0.781912  0.781912  0.795222  0.795222  0.805023  0.805023  0.811035  0.811035  0.813062   1.22997   1.23305   1.23305   1.24228   1.24228   1.25763   1.25763    1.2791    1.2791   1.30674   1.30674   1.34078   1.34078    1.3816
        4 0.0577602 0.0594332 0.0628371 0.0790103  0.200868  0.202693  0.208211  0.221249  0.232801  0.241187  0.246966  0.271348  0.291269  0.294484   0.29977  0.350604  0.351071  0.402302  0.402349  0.448011  0.448015  0.489769  0.489769  0.528521  0.528521  0.564711  0.564711  0.598575  0.598575  0.630246  0.630246  0.659773  0.659773  0.687138  0.687138   0.71225   0.71225  0.734944  0.734944  0.754988  0.754988  0.772084  0.772084  0.785893  0.785893  0.796073  0.796073   0.80232   0.80232  0.804427   1.24318   1.24645   1.24645   1.25626   1.25626   1.27257   1.27257   1.29539   1.29539    1.3248    1.3248   1.36104   1.36104   1.40454
      4.1  0.045341 0.0593802 0.0627593 0.0688111  0.195418  0.211762  0.213035  0.218564  0.221363  0.237776  0.239809   0.25814  0.276492  0.280485  0.291496   0.33494  0.335562  0.386545  0.386612  0.432257  0.432262  0.474125  0.474125  0.513132  0.513132  0.549712  0.549712  0.584081  0.584081  0.616342  0.616342  0.646523  0.646523  0.674578  0.674578  0.700393  0.700393  0.723778  0.723778  0.744474  0.744474  0.762156  0.762156  0.776459  0.776459  0.787013  0.787013  0.793494  0.793494  0.795681   1.25685   1.26032   1.26032   1.27073   1.27073   1.28805   1.28805   1.31228   1.31228   1.34354   1.34354   1.38206   1.38206   1.42835
      4.2 0.0341155 0.0432714 0.0674823 0.0743577  0.190944  0.197429  0.210945  0.226804  0.229795  0.232247  0.239578  0.247812  0.262532  0.267433  0.275938  0.319867  0.320687  0.371289  0.371383  0.416936  0.416944  0.458837  0.458837   0.49802   0.49802  0.534916  0.534916  0.569721  0.569721  0.602516  0.602516  0.633301  0.633301  0.662008  0.662008  0.688496  0.688496   0.71255   0.71255  0.733882  0.733882  0.752139  0.752139  0.766928  0.766928  0.777852  0.777852  0.784566  0.784566  0.786833   1.27099   1.27467   1.27467    1.2857    1.2857   1.30407   1.30407   1.32978   1.32978   1.36295   1.36295   1.40388   1.40388   1.45308
      4.3 0.0255143 0.0302513 0.0719964 0.0795785  0.178511  0.187347  0.201499  0.222976  0.239066  0.240386  0.246731  0.249385  0.251887  0.253079  0.255333  0.305385  0.306451  0.356534  0.356663  0.402055  0.402066  0.443917  0.443918    0.4832    0.4832   0.52034   0.52034  0.555516  0.555516  0.588787  0.588787  0.620128  0.620128  0.649446  0.649446  0.676574  0.676574  0.701272  0.701272  0.723221  0.723221  0.742042  0.742042  0.757309  0.757309  0.768599  0.768599  0.775543  0.775543  0.777888   1.28562   1.28951   1.28951   1.30119   1.30119   1.32064   1.32064   1.34789   1.34789   1.38307   1.38307   1.42649   1.42649   1.47873
      4.4 0.0196232 0.0203553 0.0763678 0.0845658  0.156602    0.1845  0.192979  0.217266  0.224845  0.231261  0.237042  0.242078  0.244186  0.278997  0.283386  0.291493  0.292863  0.342275  0.342452  0.387617  0.387634  0.429378  0.429379   0.46869   0.46869  0.506004  0.506004  0.541486  0.541486  0.575173  0.575173   0.60702   0.60702  0.636907  0.636907  0.664642  0.664642  0.689957  0.689957  0.712505  0.712505  0.731875  0.731875  0.747612  0.747612  0.759262  0.759262  0.766433  0.766433  0.768856   1.30073   1.30485   1.30485   1.31721   1.31721   1.33779   1.33779   1.36663   1.36663    1.4039    1.4039   1.44992   1.44992   1.50533
      4.5 0.0146186 0.0167713  0.080663 0.0894067  0.133921  0.182218  0.185336  0.194288  0.212614  0.224054   0.22549  0.233986  0.244417   0.27819  0.279931  0.328508  0.328748  0.340477  0.342745  0.373624  0.373648  0.415226  0.415227  0.454502  0.454502  0.491922  0.491922  0.527646  0.527646  0.561693  0.561693  0.593994  0.593994  0.624407  0.624407  0.652714  0.652714  0.678618  0.678618  0.701745  0.701745  0.721649  0.721649  0.737845  0.737845  0.749849  0.749849  0.757244  0.757244  0.759743   1.31634   1.32069   1.32069   1.33375   1.33375   1.35551   1.35551   1.38602   1.38602   1.42545   1.42545   1.47419   1.47419    1.5329
      4.6  0.014534 0.0168782  0.084952 0.0941886  0.112372  0.164262  0.178524  0.180231  0.208971  0.214712  0.217245  0.224723  0.247031  0.265473   0.26766  0.315226  0.315547  0.360074  0.360108  0.401466  0.401469  0.440645  0.440645  0.478109  0.478109  0.483816  0.488283  0.514013  0.514013  0.548362  0.548362  0.581067  0.581067  0.611962  0.611962  0.640804  0.640804  0.667269  0.667269   0.69095   0.69095  0.711373  0.711373  0.728017  0.728017  0.740369  0.740369  0.747984  0.747984  0.750558   1.33246   1.33705   1.33705   1.35084   1.35084   1.37383   1.37383   1.40607   1.40607   1.44775   1.44775    1.4993    1.4993   1.56145
      4.7 0.0184434 0.0189842 0.0893131 0.0930781 0.0990046  0.136635  0.172496  0.178138  0.204688   0.20629  0.210713  0.216378  0.249344  0.253338  0.256058   0.30242  0.302845  0.346962  0.347009  0.388102  0.388106  0.427129  0.427129  0.464577  0.464577  0.500601  0.500601  0.535195  0.535195  0.568253  0.568253  0.596092  0.599585  0.599585  0.619856  0.628925  0.628925   0.65592   0.65592  0.680134  0.680134  0.701057  0.701057  0.718138  0.718138  0.730829  0.730829   0.73866   0.73866  0.741308   1.34909   1.35394   1.35394   1.36849   1.36849   1.39275   1.39275   1.42678   1.42678   1.46028   1.47081   1.47081   1.47899   1.52529
      4.8  0.022019 0.0235939 0.0764367 0.0938395  0.103962  0.112238   0.16721  0.175374  0.195395  0.204378  0.204523  0.208933  0.224422  0.241782  0.245129  0.250508  0.253135  0.290083  0.290639  0.334282  0.334348  0.375134  0.375139  0.413959   0.41396  0.451334  0.451334  0.487423  0.487423  0.522207  0.522207  0.555566  0.555566  0.587292  0.587292  0.617091  0.617091  0.644585  0.644585  0.669306  0.669306  0.690712  0.690712  0.708216  0.708216  0.721238  0.721238   0.72928   0.72928  0.732001   1.36626   1.37137   1.37137    1.3867    1.3867   1.41228   1.41228   1.44818   1.44818   1.49464   1.49464   1.55217   1.55217   1.62159
      4.9 0.0253625 0.0288468 0.0623967 0.0911965 0.0986498  0.109191  0.120069  0.143028  0.162618  0.171217  0.186806  0.198186  0.202363  0.203625    0.2308  0.234879  0.249393  0.278206  0.278926  0.322027  0.322117  0.362559  0.362568   0.40114   0.40114   0.43839   0.43839  0.474488  0.474488   0.50941   0.50941  0.543021  0.543021  0.575094  0.575094  0.605314  0.605314  0.633275  0.633275  0.658478  0.658478  0.680347  0.680347   0.69826   0.69826  0.711605  0.711605  0.719853  0.719853  0.722645   1.38396   1.38934   1.38934   1.40549   1.40549   1.43243   1.43243   1.47027   1.47027   1.51926   1.51926   1.57994   1.57994   1.65321
        5 0.0287428 0.0338828 0.0507042 0.0732732  0.103904  0.105633  0.114868  0.119814  0.158675  0.164893  0.178894  0.192095   0.19664  0.203545  0.220385   0.22531  0.244713   0.26678  0.267704  0.310187  0.310309  0.350376  0.350388  0.388672  0.388673  0.425751  0.425751  0.461807  0.461807  0.496815  0.496815  0.530629  0.530629  0.563005  0.563005  0.593606  0.593606  0.622001  0.622001  0.647659  0.647659  0.669972  0.669972   0.68828   0.68828  0.701937  0.701937  0.710386  0.710386  0.713247   1.40221   1.40787   1.40787   1.42487   1.42487   1.45323   1.45323   1.49307   1.49307   1.54468   1.54468   1.60864   1.60864    1.6859
      5.1 0.0320569 0.0386363 0.0410581 0.0581001  0.109834  0.111159  0.119177  0.121237  0.155325  0.155817   0.17163  0.186075  0.191737  0.204221  0.210529  0.216423  0.235376  0.255798  0.256971  0.298752  0.298916  0.338578  0.338595  0.376557  0.376559  0.413421  0.413422  0.449387  0.449387  0.484432  0.484432  0.518401  0.518401  0.551036  0.551036   0.58198   0.58198  0.610774  0.610774  0.636861  0.636861  0.659595  0.659595  0.678284  0.678284  0.692243  0.692243  0.700887  0.700887  0.703816   1.42101   1.42697   1.42697   1.44484   1.44484   1.47467   1.47467   1.51659   1.51659   1.57092   1.57092   1.63827   1.63827   1.71967
      5.2 0.0331913 0.0352769 0.0431222 0.0453123  0.116794  0.118928  0.123407  0.128671  0.143905  0.152501  0.164987  0.180098  0.187623  0.201224  0.205573  0.208215  0.220983  0.245252  0.246726  0.287713  0.287931  0.327158  0.327182  0.364794  0.364796  0.401404  0.401404  0.437236  0.437236   0.47227   0.47227  0.506348  0.506348  0.539198  0.539198  0.570445  0.570445  0.599606  0.599606  0.626093  0.626093  0.649228  0.649228   0.66828   0.66828  0.682531  0.682531  0.691364  0.691364  0.694358   1.44038   1.44664   1.44664   1.46542   1.46542   1.49677   1.49677   1.54084   1.54084   1.59798   1.59798   1.66885   1.66885   1.75454
      5.3 0.0269091 0.0346229 0.0384082 0.0473819  0.125368  0.125769  0.128154  0.129741  0.137774  0.150114  0.158936  0.174138  0.184269  0.192458  0.200685  0.202177  0.207481  0.235134   0.23697  0.277058  0.277344  0.316111  0.316144  0.353379  0.353382  0.389701  0.389702  0.425357  0.425357  0.460337  0.460337  0.494479  0.494479  0.527502  0.527502  0.559012  0.559012  0.588506  0.588506  0.615365  0.615365  0.638878  0.638878  0.658277  0.658277  0.672809  0.672809  0.681824  0.681824  0.684882   1.46033    1.4669    1.4669   1.48662   1.48662   1.51954   1.51954   1.56584   1.56584   1.62589   1.62589    1.7004    1.7004   1.79052
      5.4 0.0221039 0.0258876 0.0414723 0.0514666  0.114413  0.131377  0.132432  0.136601  0.148038  0.149616  0.153448   0.16817  0.180495  0.181646  0.184221  0.193824  0.209766  0.225438  0.227706  0.266776  0.267149  0.305425  0.305471  0.342309  0.342313  0.378313  0.378314  0.413755  0.413755   0.44864   0.44864  0.482803  0.482803  0.515956  0.515956  0.547692  0.547692  0.577484  0.577484  0.604686  0.604686  0.628554  0.628554  0.648284  0.648284  0.663084  0.663084  0.672276  0.672276  0.675395   1.48086   1.48775   1.48775   1.50844   1.50844     1.543     1.543    1.5916    1.5916   1.65466   1.65466   1.73293   1.73293   1.82764
      5.5 0.0187441   0.01921 0.0444996 0.0554314 0.0991038  0.135932   0.13609  0.146094  0.148495  0.152562  0.157802  0.162167  0.166293  0.176498  0.179725  0.187624  0.212158  0.216159  0.218933  0.256856  0.257339  0.295093  0.295155  0.331579  0.331585  0.367238  0.367239  0.402433  0.402433  0.437182  0.437182  0.471326  0.471326   0.50457   0.50457  0.536493  0.536493  0.566549  0.566549  0.594066  0.594066  0.618266  0.618266  0.638308  0.638308  0.653365  0.653365  0.662726  0.662726  0.665903   1.50199   1.50921   1.50921   1.53091   1.53091   1.56714   1.56714   1.61813   1.61813    1.6843    1.6843   1.76646   1.76646   1.86591
      5.6 0.0150748  0.016813 0.0475268  0.059335  0.084738  0.135688  0.139176  0.139656   0.14403   0.14405  0.156099  0.169274  0.177981  0.178477  0.182075  0.192535  0.207289  0.210656  0.214254  0.247289  0.247908  0.285105  0.285188  0.321182   0.32119  0.356475  0.356476  0.391391  0.391391   0.42597   0.42597  0.460056  0.460056  0.493351  0.493351  0.525424  0.525424  0.555711  0.555711  0.583513  0.583513  0.608021  0.608021  0.628358  0.628358  0.643659  0.643659  0.653181  0.653181  0.656415   1.52372   1.53129   1.53129   1.55402   1.55402   1.59199   1.59199   1.64544   1.64544   1.71483   1.71483   1.80101   1.80101   1.90535
      5.7 0.0140644 0.0161986 0.0505972 0.0632411 0.0718459  0.115185  0.140085  0.141509  0.141777  0.142731  0.149937  0.162535  0.177163  0.177873  0.198824  0.202875  0.215488  0.226072  0.238065   0.23885  0.241367  0.275449  0.275559  0.311111  0.311123  0.346021  0.346022  0.380631  0.380631  0.415005  0.415005  0.448997  0.448997  0.482306  0.482306  0.514493  0.514493  0.544977  0.544977  0.573035  0.573035  0.597827  0.597827  0.618441  0.618441  0.633974  0.633974   0.64365   0.64365  0.646938   1.54606   1.55399   1.55399   1.57779   1.57779   1.61756   1.61756   1.67355   1.67355   1.74626   1.74626   1.83658   1.83658   1.94597
      5.8 0.0157531 0.0166356 0.0537631 0.0606197  0.067222 0.0967858   0.13657  0.138114  0.143661  0.143978  0.145297  0.156263  0.172872  0.177883  0.190757  0.195594  0.215121  0.229174  0.230162  0.266115  0.266261   0.30136  0.301376  0.335871  0.335872  0.343705  0.357925   0.37015  0.370151  0.404291  0.404291  0.438154  0.438154  0.471441  0.471441  0.503707  0.503707  0.534355  0.534355   0.56264   0.56264  0.587693  0.587693  0.608564  0.608564  0.624316  0.624316  0.634138  0.634138  0.637478   1.56903   1.57732   1.57732   1.60223   1.60223   1.64385   1.64385   1.70246   1.70246   1.77859   1.77859   1.87319   1.87319   1.98779
      5.9 0.0177864 0.0188634 0.0510355 0.0570895 0.0713643 0.0806015  0.133398  0.133472  0.137299  0.145853  0.147462  0.150442  0.169188   0.17847  0.183082  0.188814  0.212313  0.220609  0.221842  0.257093  0.257285  0.291919  0.291942   0.32602  0.326022  0.359949  0.359949  0.393827  0.393827   0.42753   0.42753  0.427951  0.429815  0.460762  0.460762  0.493072  0.493072  0.523852  0.523852  0.552336  0.552336  0.577625  0.577625  0.598735  0.598735  0.614692  0.614692  0.624653  0.624653  0.628042   1.59263    1.6013    1.6013   1.62734   1.62734   1.66586   1.67088   1.67088   1.67378   1.73219   1.73219   1.81185   1.81185   1.91086
        6 0.0193627 0.0224807 0.0429626 0.0606612 0.0665308 0.0757773  0.126999  0.130752  0.131043  0.135176  0.145054  0.147464   0.14931  0.157885  0.166093  0.175793  0.179586  0.182534  0.206298  0.212362  0.213888  0.248372  0.248621   0.28278  0.282811  0.316464  0.316467  0.350025  0.350025  0.383616  0.383616  0.417128  0.417128  0.450272  0.450272  0.482594  0.482594  0.513475  0.513475   0.54213   0.54213  0.567631  0.567631  0.588961  0.588961   0.60511   0.60511  0.615202  0.615202  0.618637   1.61687   1.62593   1.62593   1.65315   1.65315   1.69865   1.69865   1.76275   1.76275   1.84605   1.84605   1.94959   1.94959   2.07508
      6.1  0.021171 0.0261991 0.0362369 0.0372678 0.0543808 0.0645942 0.0730625 0.0806074  0.118792   0.12567  0.128361  0.140081  0.148861  0.150907  0.163569  0.168883  0.176754  0.181166  0.196646  0.204426  0.206301  0.239942  0.240264  0.273935  0.273976  0.307197  0.307201  0.340374  0.340374  0.373655  0.373655   0.40695   0.40695  0.439976  0.439976  0.472279  0.472279   0.50323   0.50323  0.532028  0.532028  0.557717  0.557717  0.579249  0.579249  0.595576  0.595576   0.60579   0.60579  0.609269   1.64176   1.65122   1.65122   1.67965   1.67965   1.72718   1.72718   1.79415   1.79415   1.88119   1.88119   1.98941   1.98941   2.12059
      6.2 0.0178955 0.0230998 0.0298674 0.0307009  0.043943 0.0523745 0.0690555  0.086062  0.108998  0.123866  0.126232  0.135505  0.150091  0.152312  0.161598  0.162344  0.171473  0.183115  0.183508  0.196795   0.19908  0.231792  0.232204  0.265373  0.265429  0.298211  0.298217  0.330992  0.330993  0.363945  0.363945  0.396998  0.396998  0.429878  0.429878  0.462131  0.462131  0.493123  0.493123  0.522036  0.522036   0.54789   0.54789  0.569604  0.569604  0.586096  0.586096  0.596425  0.596425  0.599944   1.66731   1.67719   1.67719   1.70686   1.70686   1.75648   1.75648    1.8264    1.8264   1.91729   1.91729   2.03032   2.03032   2.16735
      6.3 0.0250913  0.026222 0.0334413 0.0350402 0.0360651 0.0532177 0.0742988 0.0924529 0.0981635  0.124275  0.131309  0.132691  0.151198  0.153575  0.156168  0.160163  0.166686   0.16765  0.185292  0.189464  0.192229  0.223915  0.224438  0.257085   0.25716    0.2895  0.289508  0.321877  0.321877  0.354484  0.354484  0.387272  0.387272  0.419978  0.419978  0.452154  0.452154  0.483159  0.483159   0.51216   0.51216  0.538156  0.538156  0.560034  0.560034  0.576676  0.576676  0.587111  0.587111  0.590669   1.69353   1.70383   1.70383   1.73478   1.73478   1.78655   1.78655   1.85951   1.85951   1.95437   1.95437   2.07234   2.07234   2.21539
      6.4 0.0226974 0.0271209 0.0275619 0.0369221 0.0501853 0.0589421 0.0807354  0.086996   0.10028  0.122369  0.127475  0.150228  0.150345  0.152224  0.154746  0.155187  0.159246  0.162388  0.182429  0.185749   0.18749    0.2163  0.216959  0.249063  0.249161  0.281057  0.281068  0.313022  0.313023  0.345268  0.345268  0.377771  0.377771   0.41028   0.41028  0.442352  0.442352  0.473342  0.473342  0.502406  0.502406   0.52852   0.52852  0.550542  0.550542  0.567322  0.567322  0.577855  0.577855  0.581448   1.72042   1.73116   1.73116   1.76343   1.76343   1.81741   1.81741   1.89349   1.89349   1.99243   1.99243   2.11548   2.11548   2.26471
      6.5 0.0200482 0.0215067 0.0291842 0.0403326 0.0604894 0.0649056 0.0761552 0.0890829  0.110412  0.120346  0.123984  0.132433  0.144867  0.153215  0.155879  0.158573  0.158828  0.166453  0.175684  0.179643  0.189413   0.20894  0.209764  0.241296  0.241424  0.272873  0.272889  0.304422  0.304424  0.336296  0.336296  0.368495  0.368495  0.400785  0.400785  0.432726  0.432726  0.463675  0.463675  0.492777  0.492777  0.518988  0.518988  0.541136  0.541136   0.55804   0.55804  0.568662  0.568662  0.572288     1.748   1.75919   1.75919   1.79282   1.79282   1.84907   1.84907   1.92836   1.92836   2.03148   2.03148   2.15975   2.15975   2.31533
      6.6 0.0170381  0.018205 0.0312898 0.0437073  0.066116 0.0683886 0.0702418  0.100722   0.11522   0.11799  0.120817  0.124503  0.139723  0.154229  0.155234  0.157034  0.158734   0.15889  0.169225  0.173913  0.190654  0.201827   0.20285  0.233776  0.233942  0.264942  0.264963  0.296073  0.296075  0.327563  0.327563  0.359443  0.359443  0.391492  0.391492   0.42328   0.42328  0.454163  0.454163  0.483279  0.483279  0.509563  0.509563   0.53182   0.53182  0.548834  0.548834  0.559538  0.559538  0.563194   1.77626   1.78792   1.78792   1.82294   1.82294   1.88152   1.88152   1.96411   1.96411   2.07153   2.07153   2.20517   2.20517   2.36726
      6.7 0.0144815 0.0170908 0.0334565 0.0470897 0.0571386 0.0747233 0.0749099 0.0992011  0.115045  0.117952  0.118679  0.134902  0.146159  0.146979   0.15236  0.155339  0.158292  0.159406  0.163048  0.168563  0.190698  0.194955  0.196216  0.226493  0.226707  0.257255  0.257283  0.287967   0.28797  0.319067  0.319067  0.350612  0.350612  0.382402  0.382402  0.414015  0.414015  0.444809  0.444809  0.473914  0.473914  0.500252  0.500252    0.5226    0.5226   0.53971   0.53971  0.550487  0.550487   0.55417   1.80523   1.81736   1.81736   1.85381   1.85381    1.9148    1.9148   2.00077   2.00077    2.1126    2.1126   2.25174   2.25174   2.42052
      6.8 0.0140328 0.0166078 0.0357124 0.0493093 0.0505323 0.0790211 0.0799949 0.0846764  0.111237  0.115364  0.130394   0.13654  0.149944  0.151019  0.156648  0.157149  0.159763   0.16035  0.163594  0.184886  0.188318  0.188957  0.189861  0.219439  0.219712  0.249804  0.249842    0.2801  0.280104  0.310802  0.310803  0.342002  0.342002  0.373515  0.373515  0.404932  0.404932  0.435615  0.435615  0.464688  0.464688  0.491058  0.491058  0.513478  0.513478  0.530672  0.530672  0.541514  0.541514  0.545221   1.83491   1.84753   1.84753   1.88545   1.88545   1.94889   1.94889   2.03834   2.03834   2.15469   2.15469   2.29947   2.29947   2.47512
      6.9 0.0153233 0.0166396 0.0380958 0.0426027 0.0540992 0.0717266 0.0826949 0.0845181  0.106337  0.113024  0.126187  0.127771  0.147973  0.151524  0.158316  0.159008  0.161615  0.161681   0.18191  0.183785  0.184869  0.212605  0.212952  0.226766  0.242582  0.242631  0.272464   0.27247  0.274264  0.302765  0.302766  0.333608  0.333608   0.36483   0.36483  0.396032  0.396032  0.426582  0.426582  0.455602  0.455602  0.481984  0.481984   0.50446   0.50446  0.521725  0.521725  0.532624  0.532624  0.536353    1.8653   1.87842   1.87842   1.91784   1.91784   1.98381   1.98381   2.07682   2.07682   2.19782   2.19782   2.34839   2.34839   2.53107
        7  0.017067 0.0176398  0.036935 0.0406585 0.0578716 0.0603025 0.0860318 0.0885009  0.100243  0.110892  0.120255   0.12227  0.146167  0.146437  0.154805  0.160608  0.163345  0.164126  0.175726  0.177991  0.178056  0.205983  0.206421   0.23558  0.235645  0.265054  0.265062  0.294951  0.294952  0.325428  0.325428  0.356345  0.356345  0.387316  0.387316  0.417713  0.417713  0.437722  0.446659  0.446659  0.473034  0.473034  0.495549  0.495549  0.512872  0.512872  0.517032   0.52382   0.52382  0.527568   1.60698   1.64456   1.89641   1.91005   1.91005   1.95102   1.95102   2.01957   2.01957   2.11624   2.11624   2.24199   2.24199   2.39849
      7.1 0.0177846 0.0204307 0.0322011 0.0434717 0.0502931  0.061956 0.0891129 0.0920884 0.0930408  0.108921  0.113622  0.118631  0.141074  0.145325  0.150985  0.164001  0.165263  0.167793  0.168479  0.169764  0.172479  0.194508  0.199567  0.200116   0.22836   0.22879  0.228875  0.257862  0.257873  0.287354  0.287356  0.317459   0.31746  0.348059  0.348059  0.378782  0.378782  0.409009  0.409009  0.437861  0.437861  0.464211  0.464211  0.486749  0.486749  0.504118  0.504118  0.515107  0.515107  0.518872   1.92826   1.94242   1.94242   1.98497   1.98497   2.05618   2.05618   2.15658   2.15658   2.28721   2.28721   2.44979   2.44979   2.64708
      7.2 0.0187102 0.0234023 0.0282948 0.0415723 0.0466363 0.0664989  0.078461 0.0850238 0.0859978 0.0920043 0.0953867  0.107042  0.107622  0.115257  0.136239  0.144626  0.147546  0.156512  0.164018  0.167254   0.16732  0.169459  0.173608  0.193349  0.194032  0.222205  0.222315  0.250883  0.250897  0.279971  0.279972  0.309698  0.309698  0.339969  0.339969   0.37043   0.37043   0.40047   0.40047  0.429211  0.429211  0.455517  0.455517  0.478063  0.478063  0.495466  0.495466  0.506488  0.506488  0.510267   1.96084   1.97554   1.97554   2.01971   2.01971   2.09363   2.09363   2.19788   2.19788    2.3335    2.3335    2.5023    2.5023   2.70717
      7.3 0.0197863 0.0251184 0.0264223  0.034029 0.0345854 0.0396912 0.0503003 0.0717119   0.07662 0.0947613  0.098478   0.10209  0.105169  0.112136  0.131656  0.142862  0.144326  0.144486  0.158487  0.162318  0.169352  0.179196  0.183836  0.187323  0.188167  0.215817  0.215959  0.244109  0.244127  0.272794  0.272796  0.302139   0.30214  0.332074  0.332074   0.36226   0.36226  0.392097  0.392097  0.420709  0.420709  0.446955  0.446955  0.469494  0.469494  0.486918  0.486918  0.497967  0.497967  0.501757   1.99416   2.00941   2.00941   2.05525   2.05525   2.13196   2.13196   2.24013   2.24013   2.38086   2.38086   2.55603   2.55603   2.76865
      7.4 0.0120197 0.0209762 0.0225859 0.0262828 0.0275899 0.0294395 0.0546925 0.0682816 0.0779174 0.0969185 0.0974336   0.10143  0.103185  0.109254  0.127319  0.128384  0.141801  0.144413  0.153166  0.157675  0.171131  0.181483   0.18252  0.199415  0.204767  0.209619    0.2098  0.237533  0.237558   0.26582  0.265823   0.29478  0.294781  0.324371  0.324371  0.354271  0.354271   0.38389   0.38389  0.412357  0.412357  0.438527  0.438527  0.461043  0.461043  0.478478  0.478478  0.489546  0.489546  0.493345   2.02823   2.04405   2.04405   2.09159   2.09159   2.17114   2.17114   2.28333   2.28333    2.4293    2.4293   2.61099   2.61099   2.83156
      7.5 0.0142719 0.0206211 0.0222443 0.0222597 0.0253168 0.0324442 0.0601869 0.0603836 0.0856382 0.0920352  0.100069  0.100948  0.104304  0.106596  0.113868  0.123221  0.139487  0.144871  0.148053  0.153328  0.172351  0.175824  0.177089  0.203603  0.203833  0.231149  0.231182  0.253874  0.259042  0.259046  0.260291  0.287617  0.287617  0.316857  0.316857   0.34646   0.34646  0.375848  0.375848  0.404156  0.404156  0.430234  0.430234  0.452715  0.452715  0.470149  0.470149  0.481229  0.481229  0.485034   2.06306   2.07946   2.07946   2.12874   2.12874   2.21121   2.21121   2.32751   2.32751   2.47883   2.47883   2.66719   2.66719    2.8959
      7.6 0.0180723 0.0191554 0.0235181 0.0236294 0.0287837 0.0354483 0.0531755  0.067442 0.0873909  0.095788 0.0982906 0.0999174  0.102715  0.104147  0.107157  0.119355  0.137538  0.143146  0.145681   0.14928  0.170341  0.171877  0.172632  0.197763  0.198053  0.224951  0.224994  0.252455  0.252461  0.280644  0.280644  0.309528  0.309529  0.338826  0.338826  0.367971  0.367971  0.396105  0.396105  0.422078  0.422078  0.444509  0.444509  0.461932  0.461932  0.473018  0.473018  0.476826  0.509573   0.51686   2.09865   2.09909    2.1069   2.11564   2.11564    2.1667    2.1667   2.25216   2.25216   2.37266   2.37266   2.52945   2.52945   2.72464
      7.7 0.0152551 0.0181243 0.0250883 0.0312037 0.0329797  0.038478 0.0467818 0.0777333 0.0829513 0.0869109 0.0950386  0.101885  0.105429  0.110052  0.110126  0.115714  0.135948  0.138442  0.145534  0.146818  0.165031  0.166882  0.171539  0.192092  0.192457  0.218931  0.218987  0.246054  0.246061  0.273857  0.273858  0.302383  0.302383  0.331367  0.331367  0.360258  0.360258  0.388206  0.388206  0.400799  0.401427  0.414059  0.414059  0.436428  0.436428   0.45383   0.45383  0.464914  0.464914  0.468724   2.13501   2.15261   2.15261   2.20549   2.20549   2.29399   2.29399   2.41653   2.41764    2.4188    2.4188   2.58119   2.58119   2.78336
      7.8 0.0139808 0.0174666 0.0266483 0.0369459 0.0374049 0.0412312 0.0415706 0.0750379 0.0786927 0.0910457 0.0938818 0.0997877  0.108278  0.112289  0.113061   0.13251  0.133937  0.134711  0.142091   0.14825   0.15989  0.162109  0.168647  0.186584  0.187039  0.188058  0.190591  0.213084  0.213157  0.239832  0.239842  0.267253  0.267254  0.295416  0.295416   0.32408   0.32408  0.352708  0.352708  0.380457  0.380457  0.406178  0.406178  0.428474  0.428474  0.445845  0.445845  0.456921  0.456921  0.460731   2.17214   2.19036   2.19036   2.24511   2.24511   2.33672   2.33672   2.46593   2.46593   2.63404   2.63404   2.84335   2.84335   3.09765
      7.9 0.0142061 0.0171238 0.0283307 0.0364908 0.0405273 0.0425401 0.0447749 0.0643516 0.0745983 0.0862377 0.0978238  0.109073   0.11135  0.116275  0.123459  0.129629  0.133819  0.138954  0.149221  0.149928  0.150968  0.154915  0.157558  0.163636  0.173174  0.181234  0.181797  0.207403  0.207496  0.233785  0.233798  0.260826  0.260827  0.288626  0.288626  0.316964  0.316964  0.345319  0.345319  0.372859  0.372859  0.398436  0.398436  0.420647  0.420647  0.437978  0.437978   0.44904   0.44904  0.452847   2.21006   2.22891   2.22891   2.28556   2.28556   2.38036   2.38036   2.51406   2.51406   2.68802   2.68802   2.90463   2.90463   3.16786
        8 0.0155637 0.0170425 0.0301675  0.032495 0.0437557 0.0469162 0.0481539 0.0548237 0.0706565 0.0806544 0.0959547  0.106056  0.114773  0.119821  0.125514  0.133265  0.136124   0.13795  0.138883  0.150103  0.151786  0.153234  0.156395  0.176035   0.17673  0.193401  0.201881  0.202001  0.227907  0.227923  0.254571  0.254573  0.267579  0.282007  0.282007  0.310015  0.310015   0.33809   0.33809  0.365411  0.365411  0.390833  0.390833  0.412948  0.412948  0.430229  0.430229  0.441272  0.441272  0.445074   2.24875   2.26825   2.26825   2.32685   2.32685    2.4249    2.4249   2.56319   2.56319   2.74313   2.74313   2.96721   2.96721   3.23957
      8.1 0.0171755 0.0176013 0.0291643 0.0322048 0.0463851  0.046697  0.050744  0.051791 0.0668588 0.0744648   0.09413   0.10323  0.118734  0.121589  0.123882   0.13304  0.133525  0.133598  0.133859  0.145453  0.147097  0.149139  0.153726  0.170984  0.171835  0.196514  0.196666  0.222191  0.222213  0.248485  0.248487  0.275556  0.275557  0.303231  0.303231   0.33102   0.33102  0.348054  0.358112  0.358112  0.383368  0.383368  0.405377  0.405377  0.422601  0.422601  0.433619  0.433619  0.437415  0.468851   1.91204   1.98083   2.28824    2.3084    2.3084   2.36898   2.36898   2.47036   2.47036   2.61334   2.61334   2.79938   2.79938   3.03109
      8.2 0.0174839 0.0199919 0.0264176 0.0345087 0.0389554  0.049415 0.0541707 0.0557992 0.0631986 0.0679391 0.0922848  0.100585  0.117849  0.123538  0.128749  0.131148  0.131246  0.131378  0.133136  0.136177  0.140962  0.145278  0.155616  0.161266  0.166076  0.167113  0.191295  0.191487  0.216634  0.216662  0.220536  0.242562  0.242565   0.26927  0.269271  0.296609  0.296609  0.324105  0.324105   0.35096   0.35096  0.376042  0.376042  0.397936  0.397936  0.415094  0.415094  0.426081  0.426081  0.429869   2.32852   2.34936   2.34936   2.41197   2.41197   2.51675   2.51675   2.66451   2.66451   2.85679   2.85679    3.0963    3.0963   3.38759
      8.3 0.0179375 0.0225516 0.0241774 0.0324633 0.0371759 0.0519647 0.0573029 0.0596688 0.0603384 0.0613876 0.0736151 0.0903373 0.0981106 0.0984866   0.11429  0.124235  0.129303   0.12946  0.129713  0.129725  0.133541  0.134922  0.136628  0.141654  0.157273  0.161307  0.162563  0.186218  0.186459  0.211229  0.211266  0.236797  0.236802  0.263145  0.263146  0.290145  0.290145  0.317344  0.317344  0.343956  0.343956  0.368854  0.368854  0.390624  0.390624  0.407709  0.407709   0.41866   0.41866  0.422437   2.36961   2.39113   2.39113   2.45581   2.45581   2.56406   2.56406    2.7167    2.7167   2.91535   2.91535   3.16284   3.16284   3.46393
      8.4 0.0185143 0.0223728 0.0251905 0.0268628 0.0403523 0.0406164 0.0510668 0.0543927 0.0550936 0.0562584 0.0602216 0.0656444 0.0881886 0.0957943  0.110907  0.111898  0.127799  0.127843  0.128475   0.13245  0.134243  0.138269  0.138271  0.143336  0.156673  0.158186  0.158458  0.181278   0.18158  0.205971  0.206019  0.231187  0.231193  0.257177  0.257177  0.283838  0.283838  0.310735  0.310735  0.337096  0.337096  0.361803  0.361803  0.383441  0.383441  0.400446  0.400446  0.411357  0.411357  0.415122    2.4115   2.43372   2.43372   2.50052   2.50052    2.6123    2.6123   2.76993   2.76993   2.97509   2.97509   3.23072   3.23072   3.54185
      8.5    0.0192 0.0209407 0.0221493 0.0252252 0.0274324 0.0278716 0.0442681 0.0492689 0.0529452 0.0567397 0.0629911 0.0720841 0.0857269 0.0936226 0.0997054  0.107695   0.12642  0.126522  0.127302  0.128425  0.135133  0.135226  0.151389  0.152172  0.153983  0.155984  0.158878  0.176471  0.176846  0.200854  0.200916  0.225726  0.225734  0.251361  0.251362  0.277682  0.277683  0.304275  0.304275   0.33038   0.33038  0.354888  0.354888  0.376386  0.376386  0.393304  0.393304   0.40417   0.40417  0.407922    2.4542   2.47714   2.47714    2.5461    2.5461   2.66148   2.66148   2.82421   2.82421   3.03601   3.03601   3.29997   3.29997   3.62137
      8.6 0.0155689 0.0183777 0.0184748 0.0198249 0.0199877 0.0305883 0.0440399 0.0493085 0.0496802 0.0590427 0.0656659 0.0802644 0.0828388 0.0880501 0.0915791  0.104648  0.124552  0.125067  0.125495  0.126124  0.132242  0.136468  0.147801  0.149958  0.158199  0.171791  0.172255  0.174738  0.177961  0.195875  0.195953   0.22041  0.220421  0.245694  0.245695  0.271677  0.271677  0.297962  0.297962  0.323806  0.323806  0.348109  0.348109   0.36946   0.36946  0.386285  0.386285  0.397102  0.397102  0.400839   2.49771   2.52139   2.52139   2.59255   2.59255   2.71161   2.71161   2.87954   2.87954   3.09812   3.09812   3.37059   3.37059    3.7025
      8.7 0.0132055 0.0156682 0.0169817 0.0189767 0.0208767 0.0333526 0.0394573 0.0463527 0.0561675 0.0613378  0.068295 0.0771761 0.0794298  0.089644   0.09127  0.101762  0.120829  0.123694  0.124755  0.124905  0.129601  0.137938  0.143557  0.146113  0.156087  0.167234  0.167804  0.191027  0.191127  0.215234  0.215249  0.226721  0.228039  0.240172  0.240174  0.265817  0.265817  0.291793  0.291793  0.317372  0.317372  0.341464  0.341464  0.362662  0.362662  0.379388  0.379388  0.390152  0.390152  0.393872   2.54205   2.56647   2.56647   2.63987   2.63987    2.7627    2.7627   2.93592   2.93592   3.16143   3.16143   3.44259   3.44259   3.78528
      8.8 0.0141618 0.0165021 0.0181647 0.0183543 0.0218733 0.0355157 0.0361896 0.0427206 0.0636631 0.0662277 0.0672038 0.0709271 0.0754514 0.0877926 0.0990288  0.107244  0.117254  0.122277  0.123629  0.124299  0.127211  0.139439  0.139596  0.142451  0.152275  0.162796  0.163493  0.186306  0.186433  0.210194  0.210213  0.234791  0.234793    0.2601    0.2601  0.285766  0.285766  0.311076  0.311076  0.334952  0.334952  0.355991  0.355991  0.372612  0.372612  0.383319  0.383319  0.387021  0.397932  0.420767   2.54472   2.56912   2.58721    2.6124    2.6124   2.68808   2.68808   2.81474   2.81474   2.99337   2.99337   3.22595   3.22595     3.516
      8.9 0.0138897 0.0179223 0.0202921 0.0208868 0.0229902 0.0321748 0.0383257 0.0391369  0.058167 0.0660614 0.0709276 0.0736137 0.0826541 0.0859938 0.0964425  0.113824  0.120805   0.12229  0.124121  0.125074  0.133044  0.135445  0.138976  0.141383  0.146629  0.158474  0.159321  0.181707  0.181866  0.205285   0.20531  0.229547   0.22955  0.243189  0.254522  0.254523  0.279878  0.279878   0.29566  0.304916  0.304916  0.328571  0.328571  0.349445  0.349445  0.365958  0.365958  0.376604  0.376604  0.380287    2.6332   2.65916   2.65916   2.73718   2.73718   2.79694   2.83649   2.86775   2.86775    3.0519    3.0519   3.29169   3.29169   3.59083
        9 0.0146666 0.0176513 0.0226181 0.0242486 0.0250235 0.0293753 0.0327414 0.0422452  0.050046 0.0659663 0.0685853  0.076415 0.0789565 0.0842085 0.0939957  0.110537  0.114258  0.115518   0.11927  0.120886  0.123191  0.124213  0.131574  0.135692  0.139215  0.143216  0.154263  0.155288  0.177225  0.177425  0.181948  0.200504  0.200535  0.224437  0.224441  0.249081  0.249081  0.274125  0.274126   0.29889   0.29889  0.322319  0.322319  0.343025  0.343025  0.359423  0.359423  0.370006  0.370006  0.373668   2.68002   2.70678   2.70678   2.78718   2.78718   2.92172   2.92172   3.11151   3.11151   3.35866   3.35866    3.6671    3.6671   4.04371
      9.1  0.016174 0.0175179 0.0248942 0.0256801 0.0270024 0.0270505 0.0287264  0.042795 0.0455826 0.0607479 0.0654237 0.0713037 0.0794068  0.082388 0.0857682 0.0916804   0.10739  0.117669  0.119419   0.12156   0.12457  0.127823  0.130301  0.132602  0.144983  0.150161  0.151395  0.172858  0.173107   0.19036  0.195844  0.195885  0.219455  0.219461  0.243772  0.243773  0.268506  0.268507  0.292995  0.292995  0.296145  0.316196  0.316196  0.336728  0.336728  0.353009  0.353009  0.363524  0.363524  0.367166   2.72768   2.75525   2.75525   2.83807   2.83807   2.97668   2.97668    3.1722    3.1722   3.42688   3.42688   3.55769   3.64333   3.74481
      9.2 0.0175035 0.0181226 0.0238347 0.0251339 0.0270552 0.0273308 0.0320368 0.0363607 0.0492416 0.0554902 0.0720954 0.0743126 0.0804726 0.0826548 0.0826916 0.0894877  0.104379  0.115998  0.117888  0.120182  0.120308  0.124193  0.125181  0.129711  0.146165  0.146535  0.147643  0.168599  0.168907  0.191304  0.191355    0.2146  0.214607  0.238593  0.238594  0.243602  0.263018  0.263018   0.28723   0.28723  0.310199  0.310199  0.330553  0.330553  0.346713  0.346713  0.357158  0.357158  0.360777  0.371413   2.54585   2.62173   2.77619   2.80457   2.80457   2.88987   2.88987   3.03262   3.03262     3.234     3.234   3.49635   3.49635     3.824
      9.3 0.0175945 0.0203196 0.0233519 0.0235629 0.0290981 0.0292684 0.0306969 0.0350305 0.0504051 0.0533512 0.0777549 0.0783927 0.0789834  0.084657 0.0864182 0.0874075    0.1015  0.109723  0.113065  0.114256  0.116298  0.119055  0.120682  0.126037  0.127022  0.142273  0.144033  0.147678  0.164445  0.164826  0.172642  0.186877  0.186943  0.209866  0.209875   0.23354  0.233541  0.257657  0.257657  0.281591  0.281591  0.304327  0.304327    0.3245    0.3245  0.340534  0.340534  0.350908  0.350908  0.354503   2.82554   2.85476   2.85476   2.94258   2.94258   3.08955   3.08955   3.29691   3.29691    3.5671    3.5671   3.90468   3.90468   4.31784
      9.4 0.0177817 0.0222814 0.0226564 0.0237443 0.0257766 0.0310403 0.0315937 0.0377789 0.0456634 0.0580983 0.0603326 0.0760721  0.081857 0.0844133 0.0854281 0.0874243  0.089082 0.0908175 0.0987512 0.0990065  0.112438  0.114653  0.117289  0.118176  0.124539  0.127121  0.138482  0.140569  0.148179  0.160393   0.16086  0.182561  0.182644   0.20525  0.205262  0.228609  0.228611  0.252421  0.252421  0.276077  0.276077  0.298577  0.298577  0.318566  0.318566  0.334472  0.334472  0.344771  0.344771  0.348343   2.87575   2.90582   2.90582   2.99621   2.99621   3.14748   3.14748   3.36093   3.36093   3.63912   3.63912   3.98687   3.98687   4.41286
      9.5 0.0180594 0.0212403 0.0216038 0.0242144 0.0250798 0.0329051  0.034463 0.0373839 0.0403431 0.0413778 0.0517414 0.0637657 0.0734359 0.0835356 0.0870046 0.0885327 0.0886473 0.0900477 0.0961266 0.0962761  0.110544  0.112957  0.114012  0.117542  0.122264  0.128415  0.134792  0.137253  0.147773  0.156439  0.157009   0.17835  0.178456  0.200748  0.200764  0.223798    0.2238  0.247306  0.247307  0.270685  0.270685  0.292948  0.292948  0.312751  0.312751  0.328525  0.328525  0.338748  0.338748  0.342294   2.92681   2.95775   2.95775   3.05076   3.05076   3.20641   3.20641   3.42608   3.42608   3.71244   3.71244   4.07059   4.07059   4.50975
      9.6 0.0182255 0.0184262 0.0203982 0.0246865 0.0254801 0.0275698 0.0315001 0.0347169 0.0376025 0.0381288 0.0427753 0.0704242 0.0708039 0.0785651 0.0817131  0.092022 0.0923636  0.093622  0.093917  0.103501  0.108569  0.110851  0.111221  0.117151  0.120201  0.129891    0.1312  0.134088  0.146192  0.152579  0.153271  0.174243  0.174375  0.196357  0.196378  0.219103  0.219106  0.242311  0.242312  0.265412  0.265412  0.287437  0.287437  0.307051  0.307051  0.322692  0.322692  0.332836  0.332836  0.336357   2.97873   3.01056   3.01056   3.10623   3.10623   3.26636   3.26636   3.49236   3.49236   3.78707   3.78707   4.15586   4.15586   4.60855
      9.7 0.0157345 0.0188842 0.0190334 0.0197205 0.0197212 0.0252406 0.0301281 0.0343443 0.0365003 0.0430265 0.0451211 0.0670086 0.0692636 0.0799402 0.0799802 0.0912323 0.0943805 0.0947811  0.104104  0.106514  0.107803  0.109461  0.113951  0.116998  0.118352  0.127705  0.131078  0.131513  0.143208  0.148812  0.149648  0.170233  0.170398  0.192073    0.1921  0.214521  0.214525  0.237432  0.237433  0.260257  0.260257  0.282043  0.282043  0.301467  0.301467  0.316972  0.316972  0.327036  0.327036   0.33053   3.03152   3.06425   3.06425   3.16264   3.16264   3.32732   3.32732   3.55979   3.55979   3.86303   3.86303   4.24271   4.24272   4.70932
      9.8 0.0137674 0.0142397 0.0158928 0.0191792 0.0194398 0.0259486 0.0315767 0.0327711 0.0382804 0.0474224 0.0499679 0.0607054 0.0632095 0.0781916 0.0889519 0.0927119 0.0961424 0.0970903  0.104384  0.104866  0.107709  0.116717   0.11708  0.121326  0.124307  0.128228  0.131182  0.133226  0.138689  0.145134   0.14614  0.166319  0.166524  0.187893  0.187927  0.210049  0.210054  0.232666  0.232667  0.255217  0.255217  0.276763  0.276763  0.295995  0.295995  0.311362  0.311362  0.321345  0.321345  0.324812   3.08517   3.11883   3.11883   3.21998   3.21998   3.38931   3.38931   3.62838   3.62838   3.94032   3.94032   4.33117   4.33117   4.81208
      9.9 0.0127331 0.0137828 0.0148778 0.0187519 0.0201038 0.0268499 0.0292534 0.0355281 0.0400844 0.0497207 0.0529106 0.0591041 0.0606416 0.0764367 0.0867747 0.0976956  0.099064   0.10204  0.102197  0.106031  0.111914  0.115297  0.117391  0.121004   0.12554   0.13264  0.134961  0.141542  0.142747  0.157895  0.162497   0.16275  0.166579  0.183813  0.183857  0.205684   0.20569  0.228011  0.228012  0.250289  0.250289  0.271596  0.271596  0.290634  0.290634  0.305862  0.305862  0.315762  0.315762  0.319202   3.13971    3.1743    3.1743   3.27827   3.27827   3.45234   3.45234   3.69813   3.69813   4.01898   4.01898   4.42125   4.42125   4.91689
